0.000000000000000000e+00,0.000000000000000000e+00,0.000000000000000000e+00,0.000000000000000000e+00,0.000000000000000000e+00,0.000000000000000000e+00,0.000000000000000000e+00,0.000000000000000000e+00,0.000000000000000000e+00,1.118738088279335812e-18,0.000000000000000000e+00,0.000000000000000000e+00,0.000000000000000000e+00,0.000000000000000000e+00,5.676195232519803957e-02,3.755971068771854406e-03,0.000000000000000000e+00,0.000000000000000000e+00,0.000000000000000000e+00,0.000000000000000000e+00,0.000000000000000000e+00,0.000000000000000000e+00,0.000000000000000000e+00,0.000000000000000000e+00,0.000000000000000000e+00,0.000000000000000000e+00,0.000000000000000000e+00,0.000000000000000000e+00,0.000000000000000000e+00,0.000000000000000000e+00,0.000000000000000000e+00,0.000000000000000000e+00,0.000000000000000000e+00,0.000000000000000000e+00,0.000000000000000000e+00,0.000000000000000000e+00,0.000000000000000000e+00,0.000000000000000000e+00,0.000000000000000000e+00,0.000000000000000000e+00,0.000000000000000000e+00,0.000000000000000000e+00,0.000000000000000000e+00,0.000000000000000000e+00,0.000000000000000000e+00,0.000000000000000000e+00,0.000000000000000000e+00,0.000000000000000000e+00,0.000000000000000000e+00,0.000000000000000000e+00,0.000000000000000000e+00,0.000000000000000000e+00,0.000000000000000000e+00,0.000000000000000000e+00,0.000000000000000000e+00,0.000000000000000000e+00,0.000000000000000000e+00,0.000000000000000000e+00,0.000000000000000000e+00,0.000000000000000000e+00,0.000000000000000000e+00,0.000000000000000000e+00,0.000000000000000000e+00,0.000000000000000000e+00,0.000000000000000000e+00,0.000000000000000000e+00,0.000000000000000000e+00,0.000000000000000000e+00,0.000000000000000000e+00,0.000000000000000000e+00,0.000000000000000000e+00,0.000000000000000000e+00,0.000000000000000000e+00,0.000000000000000000e+00,0.000000000000000000e+00,0.000000000000000000e+00,0.000000000000000000e+00,0.000000000000000000e+00,0.000000000000000000e+00,0.000000000000000000e+00,0.000000000000000000e+00,0.000000000000000000e+00,0.000000000000000000e+00,0.000000000000000000e+00,0.000000000000000000e+00,0.000000000000000000e+00,0.000000000000000000e+00,0.000000000000000000e+00,0.000000000000000000e+00,0.000000000000000000e+00,0.000000000000000000e+00,0.000000000000000000e+00,0.000000000000000000e+00,0.000000000000000000e+00,0.000000000000000000e+00,0.000000000000000000e+00,0.000000000000000000e+00,0.000000000000000000e+00,0.000000000000000000e+00,2.848910587383282709e-03,0.000000000000000000e+00,0.000000000000000000e+00,0.000000000000000000e+00,0.000000000000000000e+00,0.000000000000000000e+00,0.000000000000000000e+00,0.000000000000000000e+00,0.000000000000000000e+00,0.000000000000000000e+00,0.000000000000000000e+00,0.000000000000000000e+00,0.000000000000000000e+00,0.000000000000000000e+00,0.000000000000000000e+00,0.000000000000000000e+00,0.000000000000000000e+00,0.000000000000000000e+00,0.000000000000000000e+00,0.000000000000000000e+00,5.749028646739066592e-03,0.000000000000000000e+00,0.000000000000000000e+00,0.000000000000000000e+00,0.000000000000000000e+00,0.000000000000000000e+00,3.140176937135377710e-04,0.000000000000000000e+00,0.000000000000000000e+00,0.000000000000000000e+00,0.000000000000000000e+00,0.000000000000000000e+00,0.000000000000000000e+00,0.000000000000000000e+00,0.000000000000000000e+00,0.000000000000000000e+00,0.000000000000000000e+00,0.000000000000000000e+00,0.000000000000000000e+00,0.000000000000000000e+00,2.134555612431484478e-02,0.000000000000000000e+00,0.000000000000000000e+00,0.000000000000000000e+00,0.000000000000000000e+00,1.150080194319071801e-20,0.000000000000000000e+00,8.003651008776674347e-03,3.268347424365363168e-04,1.534130758251741429e-03,1.025555776941214706e-02,0.000000000000000000e+00,0.000000000000000000e+00,0.000000000000000000e+00,2.231949031545289036e-02,2.231949031545289036e-02,0.000000000000000000e+00,0.000000000000000000e+00,0.000000000000000000e+00,0.000000000000000000e+00,0.000000000000000000e+00,0.000000000000000000e+00,0.000000000000000000e+00,0.000000000000000000e+00,0.000000000000000000e+00,0.000000000000000000e+00,0.000000000000000000e+00,2.527126588115461911e-02,2.675248688729971527e-02,2.675248688729971527e-02,1.022545325839364742e-02,4.130478301968133065e-02,0.000000000000000000e+00,1.613432018339862328e-02,2.231949031545289036e-02,2.231949031545289036e-02,0.000000000000000000e+00,0.000000000000000000e+00,0.000000000000000000e+00,0.000000000000000000e+00,0.000000000000000000e+00,0.000000000000000000e+00,0.000000000000000000e+00,0.000000000000000000e+00,0.000000000000000000e+00,0.000000000000000000e+00,0.000000000000000000e+00,2.554519087148451537e-02,2.675248688729971527e-02,5.340861894018796019e-02,6.956324662554273439e-03,5.749028646739066592e-03,0.000000000000000000e+00,0.000000000000000000e+00,0.000000000000000000e+00,0.000000000000000000e+00,0.000000000000000000e+00,0.000000000000000000e+00,0.000000000000000000e+00,0.000000000000000000e+00,0.000000000000000000e+00,0.000000000000000000e+00,4.437089566333524649e-22,0.000000000000000000e+00,0.000000000000000000e+00,0.000000000000000000e+00,0.000000000000000000e+00,0.000000000000000000e+00,2.538117941424043039e-02,1.764180470357465044e-02,8.889364000515623254e-02,3.939177650251864116e-02,0.000000000000000000e+00,0.000000000000000000e+00,0.000000000000000000e+00,0.000000000000000000e+00,0.000000000000000000e+00,0.000000000000000000e+00,0.000000000000000000e+00,0.000000000000000000e+00,0.000000000000000000e+00,0.000000000000000000e+00,0.000000000000000000e+00,0.000000000000000000e+00,0.000000000000000000e+00,0.000000000000000000e+00,0.000000000000000000e+00,0.000000000000000000e+00,4.451480779296448920e-02,8.314461135841716422e-02,8.142889529237731794e-02,0.000000000000000000e+00,3.509087538266898731e-02,0.000000000000000000e+00,0.000000000000000000e+00,0.000000000000000000e+00,0.000000000000000000e+00,0.000000000000000000e+00,0.000000000000000000e+00,0.000000000000000000e+00,0.000000000000000000e+00,2.986051383050325470e-02,0.000000000000000000e+00,0.000000000000000000e+00,0.000000000000000000e+00,0.000000000000000000e+00,0.000000000000000000e+00,0.000000000000000000e+00,0.000000000000000000e+00,0.000000000000000000e+00,0.000000000000000000e+00,0.000000000000000000e+00,0.000000000000000000e+00,1.219539392494068449e-03,0.000000000000000000e+00,0.000000000000000000e+00,6.157209680657544509e-04,0.000000000000000000e+00,0.000000000000000000e+00,0.000000000000000000e+00,0.000000000000000000e+00,0.000000000000000000e+00,0.000000000000000000e+00,0.000000000000000000e+00,0.000000000000000000e+00,0.000000000000000000e+00,0.000000000000000000e+00,0.000000000000000000e+00,0.000000000000000000e+00,0.000000000000000000e+00,0.000000000000000000e+00,0.000000000000000000e+00,0.000000000000000000e+00,0.000000000000000000e+00,2.293521128351864655e-02,0.000000000000000000e+00,0.000000000000000000e+00,0.000000000000000000e+00,0.000000000000000000e+00,0.000000000000000000e+00,0.000000000000000000e+00,0.000000000000000000e+00,0.000000000000000000e+00,0.000000000000000000e+00,0.000000000000000000e+00,0.000000000000000000e+00,0.000000000000000000e+00,0.000000000000000000e+00,0.000000000000000000e+00,0.000000000000000000e+00,0.000000000000000000e+00,0.000000000000000000e+00,0.000000000000000000e+00,6.157209680657544509e-04,6.157209680657544509e-04,1.288360443454934258e-02,5.913866876646578074e-04,0.000000000000000000e+00,0.000000000000000000e+00,0.000000000000000000e+00,0.000000000000000000e+00,0.000000000000000000e+00,0.000000000000000000e+00,0.000000000000000000e+00,0.000000000000000000e+00,0.000000000000000000e+00,0.000000000000000000e+00,0.000000000000000000e+00,0.000000000000000000e+00,0.000000000000000000e+00,0.000000000000000000e+00,0.000000000000000000e+00,0.000000000000000000e+00,0.000000000000000000e+00,6.157209680657544509e-04,3.186355533343536960e-03,0.000000000000000000e+00,0.000000000000000000e+00,0.000000000000000000e+00,0.000000000000000000e+00,0.000000000000000000e+00,0.000000000000000000e+00,0.000000000000000000e+00,0.000000000000000000e+00,0.000000000000000000e+00,0.000000000000000000e+00,0.000000000000000000e+00,0.000000000000000000e+00,0.000000000000000000e+00,0.000000000000000000e+00,0.000000000000000000e+00,0.000000000000000000e+00,0.000000000000000000e+00,0.000000000000000000e+00,2.594968845679036795e-03,1.895596371130240298e-03,0.000000000000000000e+00,0.000000000000000000e+00,0.000000000000000000e+00,0.000000000000000000e+00,0.000000000000000000e+00,0.000000000000000000e+00,0.000000000000000000e+00,0.000000000000000000e+00,0.000000000000000000e+00,0.000000000000000000e+00,0.000000000000000000e+00,0.000000000000000000e+00,0.000000000000000000e+00,0.000000000000000000e+00,0.000000000000000000e+00,0.000000000000000000e+00,0.000000000000000000e+00,0.000000000000000000e+00,0.000000000000000000e+00,0.000000000000000000e+00,0.000000000000000000e+00,0.000000000000000000e+00,0.000000000000000000e+00,0.000000000000000000e+00,0.000000000000000000e+00,0.000000000000000000e+00,0.000000000000000000e+00,0.000000000000000000e+00,0.000000000000000000e+00,0.000000000000000000e+00,0.000000000000000000e+00,1.556346424367693231e-03,0.000000000000000000e+00,0.000000000000000000e+00,0.000000000000000000e+00,0.000000000000000000e+00,0.000000000000000000e+00,0.000000000000000000e+00,0.000000000000000000e+00,0.000000000000000000e+00,0.000000000000000000e+00,0.000000000000000000e+00,0.000000000000000000e+00,0.000000000000000000e+00,0.000000000000000000e+00,1.207296015815204245e-03,0.000000000000000000e+00,0.000000000000000000e+00,0.000000000000000000e+00,1.247257567547222119e-02,2.594968845679036795e-03,2.594968845679037663e-03,0.000000000000000000e+00,0.000000000000000000e+00,0.000000000000000000e+00,0.000000000000000000e+00,0.000000000000000000e+00,0.000000000000000000e+00,0.000000000000000000e+00,0.000000000000000000e+00,0.000000000000000000e+00,0.000000000000000000e+00,0.000000000000000000e+00,0.000000000000000000e+00,0.000000000000000000e+00
0.000000000000000000e+00,0.000000000000000000e+00,0.000000000000000000e+00,0.000000000000000000e+00,0.000000000000000000e+00,0.000000000000000000e+00,0.000000000000000000e+00,0.000000000000000000e+00,0.000000000000000000e+00,6.925521498872078697e-19,0.000000000000000000e+00,0.000000000000000000e+00,0.000000000000000000e+00,7.608454063298363684e-03,3.513835143940831351e-02,2.325124947334957469e-03,0.000000000000000000e+00,0.000000000000000000e+00,0.000000000000000000e+00,0.000000000000000000e+00,0.000000000000000000e+00,0.000000000000000000e+00,0.000000000000000000e+00,0.000000000000000000e+00,0.000000000000000000e+00,0.000000000000000000e+00,0.000000000000000000e+00,0.000000000000000000e+00,0.000000000000000000e+00,0.000000000000000000e+00,0.000000000000000000e+00,0.000000000000000000e+00,0.000000000000000000e+00,0.000000000000000000e+00,0.000000000000000000e+00,0.000000000000000000e+00,0.000000000000000000e+00,0.000000000000000000e+00,0.000000000000000000e+00,0.000000000000000000e+00,0.000000000000000000e+00,0.000000000000000000e+00,0.000000000000000000e+00,0.000000000000000000e+00,0.000000000000000000e+00,0.000000000000000000e+00,0.000000000000000000e+00,0.000000000000000000e+00,0.000000000000000000e+00,0.000000000000000000e+00,0.000000000000000000e+00,0.000000000000000000e+00,0.000000000000000000e+00,0.000000000000000000e+00,0.000000000000000000e+00,0.000000000000000000e+00,0.000000000000000000e+00,0.000000000000000000e+00,0.000000000000000000e+00,0.000000000000000000e+00,0.000000000000000000e+00,0.000000000000000000e+00,0.000000000000000000e+00,0.000000000000000000e+00,0.000000000000000000e+00,0.000000000000000000e+00,0.000000000000000000e+00,0.000000000000000000e+00,3.856321316735665191e-20,0.000000000000000000e+00,0.000000000000000000e+00,0.000000000000000000e+00,0.000000000000000000e+00,0.000000000000000000e+00,0.000000000000000000e+00,0.000000000000000000e+00,0.000000000000000000e+00,0.000000000000000000e+00,0.000000000000000000e+00,0.000000000000000000e+00,0.000000000000000000e+00,0.000000000000000000e+00,0.000000000000000000e+00,0.000000000000000000e+00,0.000000000000000000e+00,0.000000000000000000e+00,0.000000000000000000e+00,0.000000000000000000e+00,0.000000000000000000e+00,0.000000000000000000e+00,0.000000000000000000e+00,0.000000000000000000e+00,0.000000000000000000e+00,0.000000000000000000e+00,0.000000000000000000e+00,0.000000000000000000e+00,0.000000000000000000e+00,0.000000000000000000e+00,0.000000000000000000e+00,1.763611315999174959e-03,0.000000000000000000e+00,0.000000000000000000e+00,0.000000000000000000e+00,0.000000000000000000e+00,0.000000000000000000e+00,0.000000000000000000e+00,2.629860614991993950e-20,0.000000000000000000e+00,0.000000000000000000e+00,0.000000000000000000e+00,0.000000000000000000e+00,0.000000000000000000e+00,0.000000000000000000e+00,0.000000000000000000e+00,0.000000000000000000e+00,0.000000000000000000e+00,0.000000000000000000e+00,0.000000000000000000e+00,0.000000000000000000e+00,3.558922495600374495e-03,0.000000000000000000e+00,0.000000000000000000e+00,0.000000000000000000e+00,0.000000000000000000e+00,0.000000000000000000e+00,1.943919056321900384e-04,0.000000000000000000e+00,0.000000000000000000e+00,0.000000000000000000e+00,0.000000000000000000e+00,0.000000000000000000e+00,0.000000000000000000e+00,0.000000000000000000e+00,0.000000000000000000e+00,0.000000000000000000e+00,0.000000000000000000e+00,0.000000000000000000e+00,0.000000000000000000e+00,0.000000000000000000e+00,1.321391569600442739e-02,0.000000000000000000e+00,0.000000000000000000e+00,0.000000000000000000e+00,0.000000000000000000e+00,7.119544060070444769e-21,0.000000000000000000e+00,4.954641100671274348e-03,2.023262691273796298e-04,9.496999932034589590e-04,6.348678619159900394e-03,0.000000000000000000e+00,0.000000000000000000e+00,0.000000000000000000e+00,1.381682733813750438e-02,1.381682733813750438e-02,0.000000000000000000e+00,0.000000000000000000e+00,0.000000000000000000e+00,0.000000000000000000e+00,0.000000000000000000e+00,0.000000000000000000e+00,0.000000000000000000e+00,0.000000000000000000e+00,0.000000000000000000e+00,0.000000000000000000e+00,0.000000000000000000e+00,1.564411697404809870e-02,1.656106331118553654e-02,1.656106331118553654e-02,5.251783057463748489e-02,7.947070366565689437e-02,0.000000000000000000e+00,9.987912494484860876e-03,1.381682733813750438e-02,1.381682733813750438e-02,0.000000000000000000e+00,0.000000000000000000e+00,0.000000000000000000e+00,0.000000000000000000e+00,0.000000000000000000e+00,0.000000000000000000e+00,0.000000000000000000e+00,0.000000000000000000e+00,0.000000000000000000e+00,0.000000000000000000e+00,0.000000000000000000e+00,1.581368958710946404e-02,1.656106331118553654e-02,7.272463590557853852e-02,5.820737230172108589e-02,5.745999857764500646e-02,0.000000000000000000e+00,0.000000000000000000e+00,0.000000000000000000e+00,0.000000000000000000e+00,0.000000000000000000e+00,0.000000000000000000e+00,0.000000000000000000e+00,1.372366639423069565e-02,0.000000000000000000e+00,0.000000000000000000e+00,2.746769731539801107e-22,0.000000000000000000e+00,0.000000000000000000e+00,0.000000000000000000e+00,0.000000000000000000e+00,0.000000000000000000e+00,1.571215868500597940e-02,2.709144002206436558e-02,1.089304722757127725e-01,5.691593372412995233e-02,0.000000000000000000e+00,0.000000000000000000e+00,0.000000000000000000e+00,0.000000000000000000e+00,0.000000000000000000e+00,0.000000000000000000e+00,0.000000000000000000e+00,0.000000000000000000e+00,0.000000000000000000e+00,0.000000000000000000e+00,0.000000000000000000e+00,0.000000000000000000e+00,0.000000000000000000e+00,0.000000000000000000e+00,0.000000000000000000e+00,0.000000000000000000e+00,2.755678577659706474e-02,5.147047369806776601e-02,5.040836375242405132e-02,0.000000000000000000e+00,2.172292285593794420e-02,0.000000000000000000e+00,0.000000000000000000e+00,0.000000000000000000e+00,0.000000000000000000e+00,0.000000000000000000e+00,0.000000000000000000e+00,0.000000000000000000e+00,0.000000000000000000e+00,1.848507999031153912e-02,0.000000000000000000e+00,0.000000000000000000e+00,0.000000000000000000e+00,0.000000000000000000e+00,0.000000000000000000e+00,0.000000000000000000e+00,0.000000000000000000e+00,0.000000000000000000e+00,0.000000000000000000e+00,0.000000000000000000e+00,0.000000000000000000e+00,7.549529572582328908e-04,0.000000000000000000e+00,0.000000000000000000e+00,3.811605992788003744e-04,0.000000000000000000e+00,0.000000000000000000e+00,0.000000000000000000e+00,0.000000000000000000e+00,1.434739724660802004e-02,0.000000000000000000e+00,0.000000000000000000e+00,0.000000000000000000e+00,0.000000000000000000e+00,0.000000000000000000e+00,0.000000000000000000e+00,0.000000000000000000e+00,0.000000000000000000e+00,0.000000000000000000e+00,0.000000000000000000e+00,0.000000000000000000e+00,0.000000000000000000e+00,1.419798793741630476e-02,0.000000000000000000e+00,0.000000000000000000e+00,0.000000000000000000e+00,0.000000000000000000e+00,0.000000000000000000e+00,0.000000000000000000e+00,0.000000000000000000e+00,0.000000000000000000e+00,0.000000000000000000e+00,0.000000000000000000e+00,0.000000000000000000e+00,0.000000000000000000e+00,0.000000000000000000e+00,0.000000000000000000e+00,0.000000000000000000e+00,0.000000000000000000e+00,0.000000000000000000e+00,0.000000000000000000e+00,3.811605992788003744e-04,3.811605992788003744e-04,7.975564649959117000e-03,3.660965209352643260e-04,0.000000000000000000e+00,0.000000000000000000e+00,0.000000000000000000e+00,0.000000000000000000e+00,0.000000000000000000e+00,0.000000000000000000e+00,0.000000000000000000e+00,0.000000000000000000e+00,0.000000000000000000e+00,0.000000000000000000e+00,0.000000000000000000e+00,0.000000000000000000e+00,0.000000000000000000e+00,0.000000000000000000e+00,0.000000000000000000e+00,0.000000000000000000e+00,0.000000000000000000e+00,3.811605992788003744e-04,1.972505806355522983e-03,0.000000000000000000e+00,0.000000000000000000e+00,0.000000000000000000e+00,0.000000000000000000e+00,0.000000000000000000e+00,0.000000000000000000e+00,0.000000000000000000e+00,0.000000000000000000e+00,0.000000000000000000e+00,0.000000000000000000e+00,0.000000000000000000e+00,0.000000000000000000e+00,0.000000000000000000e+00,0.000000000000000000e+00,0.000000000000000000e+00,0.000000000000000000e+00,0.000000000000000000e+00,0.000000000000000000e+00,1.606409285420356018e-03,1.173464420223482244e-03,0.000000000000000000e+00,0.000000000000000000e+00,0.000000000000000000e+00,0.000000000000000000e+00,0.000000000000000000e+00,0.000000000000000000e+00,0.000000000000000000e+00,0.000000000000000000e+00,0.000000000000000000e+00,0.000000000000000000e+00,0.000000000000000000e+00,0.000000000000000000e+00,0.000000000000000000e+00,0.000000000000000000e+00,0.000000000000000000e+00,0.000000000000000000e+00,0.000000000000000000e+00,0.000000000000000000e+00,0.000000000000000000e+00,0.000000000000000000e+00,0.000000000000000000e+00,0.000000000000000000e+00,0.000000000000000000e+00,0.000000000000000000e+00,0.000000000000000000e+00,0.000000000000000000e+00,0.000000000000000000e+00,0.000000000000000000e+00,0.000000000000000000e+00,0.000000000000000000e+00,0.000000000000000000e+00,9.634525484180958251e-04,0.000000000000000000e+00,0.000000000000000000e+00,0.000000000000000000e+00,0.000000000000000000e+00,0.000000000000000000e+00,0.000000000000000000e+00,0.000000000000000000e+00,0.000000000000000000e+00,0.000000000000000000e+00,0.000000000000000000e+00,0.000000000000000000e+00,0.000000000000000000e+00,0.000000000000000000e+00,7.473737240760787871e-04,0.000000000000000000e+00,0.000000000000000000e+00,0.000000000000000000e+00,7.721118275292327034e-03,1.606409285420356018e-03,1.606409285420356669e-03,0.000000000000000000e+00,0.000000000000000000e+00,0.000000000000000000e+00,0.000000000000000000e+00,0.000000000000000000e+00,0.000000000000000000e+00,0.000000000000000000e+00,0.000000000000000000e+00,0.000000000000000000e+00,0.000000000000000000e+00,0.000000000000000000e+00,0.000000000000000000e+00,0.000000000000000000e+00
0.000000000000000000e+00,0.000000000000000000e+00,0.000000000000000000e+00,0.000000000000000000e+00,0.000000000000000000e+00,0.000000000000000000e+00,0.000000000000000000e+00,0.000000000000000000e+00,0.000000000000000000e+00,2.663662114950799276e-19,0.000000000000000000e+00,0.000000000000000000e+00,0.000000000000000000e+00,1.521690812659672737e-02,1.351475055361858052e-02,8.942788258980605316e-04,0.000000000000000000e+00,0.000000000000000000e+00,0.000000000000000000e+00,0.000000000000000000e+00,0.000000000000000000e+00,0.000000000000000000e+00,0.000000000000000000e+00,0.000000000000000000e+00,0.000000000000000000e+00,0.000000000000000000e+00,0.000000000000000000e+00,0.000000000000000000e+00,0.000000000000000000e+00,0.000000000000000000e+00,0.000000000000000000e+00,0.000000000000000000e+00,0.000000000000000000e+00,0.000000000000000000e+00,0.000000000000000000e+00,0.000000000000000000e+00,0.000000000000000000e+00,0.000000000000000000e+00,0.000000000000000000e+00,0.000000000000000000e+00,0.000000000000000000e+00,0.000000000000000000e+00,0.000000000000000000e+00,0.000000000000000000e+00,0.000000000000000000e+00,0.000000000000000000e+00,0.000000000000000000e+00,0.000000000000000000e+00,0.000000000000000000e+00,0.000000000000000000e+00,0.000000000000000000e+00,0.000000000000000000e+00,0.000000000000000000e+00,0.000000000000000000e+00,0.000000000000000000e+00,0.000000000000000000e+00,0.000000000000000000e+00,0.000000000000000000e+00,0.000000000000000000e+00,0.000000000000000000e+00,0.000000000000000000e+00,0.000000000000000000e+00,0.000000000000000000e+00,0.000000000000000000e+00,0.000000000000000000e+00,0.000000000000000000e+00,0.000000000000000000e+00,0.000000000000000000e+00,7.712642633471330383e-20,0.000000000000000000e+00,0.000000000000000000e+00,0.000000000000000000e+00,0.000000000000000000e+00,0.000000000000000000e+00,0.000000000000000000e+00,0.000000000000000000e+00,0.000000000000000000e+00,0.000000000000000000e+00,0.000000000000000000e+00,0.000000000000000000e+00,0.000000000000000000e+00,0.000000000000000000e+00,0.000000000000000000e+00,0.000000000000000000e+00,0.000000000000000000e+00,0.000000000000000000e+00,0.000000000000000000e+00,0.000000000000000000e+00,0.000000000000000000e+00,0.000000000000000000e+00,0.000000000000000000e+00,0.000000000000000000e+00,0.000000000000000000e+00,0.000000000000000000e+00,0.000000000000000000e+00,0.000000000000000000e+00,0.000000000000000000e+00,0.000000000000000000e+00,0.000000000000000000e+00,6.783120446150672084e-04,0.000000000000000000e+00,0.000000000000000000e+00,0.000000000000000000e+00,0.000000000000000000e+00,0.000000000000000000e+00,0.000000000000000000e+00,5.259721229983987901e-20,0.000000000000000000e+00,0.000000000000000000e+00,0.000000000000000000e+00,0.000000000000000000e+00,0.000000000000000000e+00,0.000000000000000000e+00,0.000000000000000000e+00,0.000000000000000000e+00,0.000000000000000000e+00,0.000000000000000000e+00,0.000000000000000000e+00,0.000000000000000000e+00,1.368816344461682398e-03,0.000000000000000000e+00,0.000000000000000000e+00,0.000000000000000000e+00,0.000000000000000000e+00,0.000000000000000000e+00,7.476611755084233289e-05,0.000000000000000000e+00,0.000000000000000000e+00,0.000000000000000000e+00,0.000000000000000000e+00,0.000000000000000000e+00,0.000000000000000000e+00,0.000000000000000000e+00,0.000000000000000000e+00,0.000000000000000000e+00,0.000000000000000000e+00,0.000000000000000000e+00,0.000000000000000000e+00,0.000000000000000000e+00,5.082275267694010001e-03,0.000000000000000000e+00,0.000000000000000000e+00,0.000000000000000000e+00,0.000000000000000000e+00,2.738286176950171528e-21,0.000000000000000000e+00,1.905631192565875216e-03,7.781779581822294289e-05,3.652692281551764893e-04,2.441799468907653731e-03,0.000000000000000000e+00,0.000000000000000000e+00,0.000000000000000000e+00,5.314164360822118405e-03,5.314164360822118405e-03,0.000000000000000000e+00,0.000000000000000000e+00,0.000000000000000000e+00,0.000000000000000000e+00,0.000000000000000000e+00,0.000000000000000000e+00,0.000000000000000000e+00,0.000000000000000000e+00,0.000000000000000000e+00,0.000000000000000000e+00,0.000000000000000000e+00,6.016968066941574822e-03,6.369639735071361275e-03,6.369639735071361275e-03,9.481020789088132061e-02,1.176366243116324373e-01,0.000000000000000000e+00,3.841504805571100203e-03,5.314164360822118405e-03,5.314164360822118405e-03,0.000000000000000000e+00,0.000000000000000000e+00,0.000000000000000000e+00,0.000000000000000000e+00,0.000000000000000000e+00,0.000000000000000000e+00,0.000000000000000000e+00,0.000000000000000000e+00,0.000000000000000000e+00,0.000000000000000000e+00,0.000000000000000000e+00,6.082188302734409246e-03,6.369639735071361275e-03,9.204065287096911685e-02,1.094584199408878966e-01,1.091709685085509446e-01,0.000000000000000000e+00,0.000000000000000000e+00,0.000000000000000000e+00,0.000000000000000000e+00,0.000000000000000000e+00,0.000000000000000000e+00,0.000000000000000000e+00,2.744733278846139130e-02,0.000000000000000000e+00,0.000000000000000000e+00,1.056449896746077096e-22,0.000000000000000000e+00,0.000000000000000000e+00,0.000000000000000000e+00,0.000000000000000000e+00,0.000000000000000000e+00,6.043137955771531872e-03,3.654107534055407724e-02,1.289673045462693124e-01,7.444009094574124963e-02,0.000000000000000000e+00,0.000000000000000000e+00,0.000000000000000000e+00,0.000000000000000000e+00,0.000000000000000000e+00,0.000000000000000000e+00,0.000000000000000000e+00,0.000000000000000000e+00,0.000000000000000000e+00,0.000000000000000000e+00,0.000000000000000000e+00,0.000000000000000000e+00,0.000000000000000000e+00,0.000000000000000000e+00,0.000000000000000000e+00,0.000000000000000000e+00,1.059876376022964029e-02,1.979633603771836781e-02,1.938783221247079164e-02,0.000000000000000000e+00,8.354970329206901081e-03,0.000000000000000000e+00,0.000000000000000000e+00,0.000000000000000000e+00,0.000000000000000000e+00,0.000000000000000000e+00,0.000000000000000000e+00,0.000000000000000000e+00,0.000000000000000000e+00,7.109646150119823538e-03,0.000000000000000000e+00,0.000000000000000000e+00,0.000000000000000000e+00,0.000000000000000000e+00,0.000000000000000000e+00,0.000000000000000000e+00,0.000000000000000000e+00,0.000000000000000000e+00,0.000000000000000000e+00,0.000000000000000000e+00,0.000000000000000000e+00,2.903665220223972240e-04,0.000000000000000000e+00,0.000000000000000000e+00,1.466002304918462978e-04,0.000000000000000000e+00,0.000000000000000000e+00,0.000000000000000000e+00,0.000000000000000000e+00,2.869479449321604009e-02,0.000000000000000000e+00,0.000000000000000000e+00,0.000000000000000000e+00,0.000000000000000000e+00,0.000000000000000000e+00,0.000000000000000000e+00,0.000000000000000000e+00,0.000000000000000000e+00,0.000000000000000000e+00,0.000000000000000000e+00,0.000000000000000000e+00,0.000000000000000000e+00,5.460764591313962968e-03,0.000000000000000000e+00,0.000000000000000000e+00,0.000000000000000000e+00,0.000000000000000000e+00,0.000000000000000000e+00,0.000000000000000000e+00,0.000000000000000000e+00,0.000000000000000000e+00,0.000000000000000000e+00,0.000000000000000000e+00,0.000000000000000000e+00,0.000000000000000000e+00,0.000000000000000000e+00,0.000000000000000000e+00,0.000000000000000000e+00,0.000000000000000000e+00,0.000000000000000000e+00,0.000000000000000000e+00,1.466002304918462978e-04,1.466002304918462978e-04,3.067524865368891421e-03,1.408063542058708988e-04,0.000000000000000000e+00,0.000000000000000000e+00,0.000000000000000000e+00,0.000000000000000000e+00,0.000000000000000000e+00,0.000000000000000000e+00,0.000000000000000000e+00,0.000000000000000000e+00,0.000000000000000000e+00,0.000000000000000000e+00,0.000000000000000000e+00,0.000000000000000000e+00,0.000000000000000000e+00,0.000000000000000000e+00,0.000000000000000000e+00,0.000000000000000000e+00,0.000000000000000000e+00,1.466002304918462978e-04,7.586560793675090064e-04,0.000000000000000000e+00,0.000000000000000000e+00,0.000000000000000000e+00,0.000000000000000000e+00,0.000000000000000000e+00,0.000000000000000000e+00,0.000000000000000000e+00,0.000000000000000000e+00,0.000000000000000000e+00,0.000000000000000000e+00,0.000000000000000000e+00,0.000000000000000000e+00,0.000000000000000000e+00,0.000000000000000000e+00,0.000000000000000000e+00,0.000000000000000000e+00,0.000000000000000000e+00,0.000000000000000000e+00,6.178497251616752416e-04,4.513324693167239735e-04,0.000000000000000000e+00,0.000000000000000000e+00,0.000000000000000000e+00,0.000000000000000000e+00,0.000000000000000000e+00,0.000000000000000000e+00,0.000000000000000000e+00,0.000000000000000000e+00,0.000000000000000000e+00,0.000000000000000000e+00,0.000000000000000000e+00,0.000000000000000000e+00,0.000000000000000000e+00,0.000000000000000000e+00,0.000000000000000000e+00,0.000000000000000000e+00,0.000000000000000000e+00,0.000000000000000000e+00,0.000000000000000000e+00,0.000000000000000000e+00,0.000000000000000000e+00,0.000000000000000000e+00,0.000000000000000000e+00,0.000000000000000000e+00,0.000000000000000000e+00,0.000000000000000000e+00,0.000000000000000000e+00,0.000000000000000000e+00,0.000000000000000000e+00,0.000000000000000000e+00,0.000000000000000000e+00,3.705586724684984193e-04,0.000000000000000000e+00,0.000000000000000000e+00,0.000000000000000000e+00,0.000000000000000000e+00,0.000000000000000000e+00,0.000000000000000000e+00,0.000000000000000000e+00,0.000000000000000000e+00,0.000000000000000000e+00,0.000000000000000000e+00,0.000000000000000000e+00,0.000000000000000000e+00,0.000000000000000000e+00,2.874514323369534380e-04,0.000000000000000000e+00,0.000000000000000000e+00,0.000000000000000000e+00,2.969660875112432874e-03,6.178497251616752416e-04,6.178497251616756752e-04,0.000000000000000000e+00,0.000000000000000000e+00,0.000000000000000000e+00,0.000000000000000000e+00,0.000000000000000000e+00,0.000000000000000000e+00,0.000000000000000000e+00,0.000000000000000000e+00,0.000000000000000000e+00,0.000000000000000000e+00,0.000000000000000000e+00,0.000000000000000000e+00,0.000000000000000000e+00
0.000000000000000000e+00,0.000000000000000000e+00,0.000000000000000000e+00,0.000000000000000000e+00,0.000000000000000000e+00,0.000000000000000000e+00,0.000000000000000000e+00,0.000000000000000000e+00,0.000000000000000000e+00,0.000000000000000000e+00,0.000000000000000000e+00,0.000000000000000000e+00,6.059439469963403060e-03,1.711902164242131916e-02,7.177455169240342780e-04,7.092269781624870734e-04,0.000000000000000000e+00,0.000000000000000000e+00,6.192962809237201772e-20,4.340680311946654136e-04,0.000000000000000000e+00,0.000000000000000000e+00,0.000000000000000000e+00,0.000000000000000000e+00,0.000000000000000000e+00,0.000000000000000000e+00,0.000000000000000000e+00,0.000000000000000000e+00,0.000000000000000000e+00,0.000000000000000000e+00,0.000000000000000000e+00,0.000000000000000000e+00,0.000000000000000000e+00,0.000000000000000000e+00,0.000000000000000000e+00,0.000000000000000000e+00,0.000000000000000000e+00,0.000000000000000000e+00,0.000000000000000000e+00,0.000000000000000000e+00,0.000000000000000000e+00,0.000000000000000000e+00,0.000000000000000000e+00,0.000000000000000000e+00,4.222106157090469369e-05,0.000000000000000000e+00,0.000000000000000000e+00,0.000000000000000000e+00,0.000000000000000000e+00,0.000000000000000000e+00,0.000000000000000000e+00,0.000000000000000000e+00,0.000000000000000000e+00,0.000000000000000000e+00,0.000000000000000000e+00,0.000000000000000000e+00,0.000000000000000000e+00,0.000000000000000000e+00,0.000000000000000000e+00,0.000000000000000000e+00,0.000000000000000000e+00,0.000000000000000000e+00,0.000000000000000000e+00,0.000000000000000000e+00,0.000000000000000000e+00,0.000000000000000000e+00,0.000000000000000000e+00,0.000000000000000000e+00,8.676722962655247433e-20,0.000000000000000000e+00,7.722572350332819832e-06,0.000000000000000000e+00,0.000000000000000000e+00,0.000000000000000000e+00,0.000000000000000000e+00,0.000000000000000000e+00,0.000000000000000000e+00,0.000000000000000000e+00,0.000000000000000000e+00,0.000000000000000000e+00,0.000000000000000000e+00,0.000000000000000000e+00,1.328147661294742908e-20,0.000000000000000000e+00,0.000000000000000000e+00,0.000000000000000000e+00,0.000000000000000000e+00,0.000000000000000000e+00,0.000000000000000000e+00,1.246236342659387368e-03,2.692176411823761896e-05,0.000000000000000000e+00,0.000000000000000000e+00,0.000000000000000000e+00,0.000000000000000000e+00,0.000000000000000000e+00,0.000000000000000000e+00,0.000000000000000000e+00,0.000000000000000000e+00,0.000000000000000000e+00,0.000000000000000000e+00,0.000000000000000000e+00,0.000000000000000000e+00,0.000000000000000000e+00,0.000000000000000000e+00,0.000000000000000000e+00,5.917186383731986388e-20,0.000000000000000000e+00,0.000000000000000000e+00,2.692176411823752409e-05,2.692176411823752409e-05,0.000000000000000000e+00,0.000000000000000000e+00,0.000000000000000000e+00,0.000000000000000000e+00,0.000000000000000000e+00,0.000000000000000000e+00,0.000000000000000000e+00,0.000000000000000000e+00,8.242003757013376380e-04,0.000000000000000000e+00,0.000000000000000000e+00,0.000000000000000000e+00,0.000000000000000000e+00,0.000000000000000000e+00,0.000000000000000000e+00,0.000000000000000000e+00,0.000000000000000000e+00,0.000000000000000000e+00,1.289217791743655500e-03,2.692176411823761896e-05,3.317842045250670571e-21,0.000000000000000000e+00,0.000000000000000000e+00,0.000000000000000000e+00,0.000000000000000000e+00,0.000000000000000000e+00,0.000000000000000000e+00,1.373634175550527553e-05,0.000000000000000000e+00,0.000000000000000000e+00,0.000000000000000000e+00,0.000000000000000000e+00,0.000000000000000000e+00,0.000000000000000000e+00,0.000000000000000000e+00,0.000000000000000000e+00,0.000000000000000000e+00,0.000000000000000000e+00,0.000000000000000000e+00,1.135084930742634307e-19,1.506231714263842969e-03,1.506231714263843186e-03,1.662394771067422891e-04,3.910213993645441158e-04,0.000000000000000000e+00,0.000000000000000000e+00,0.000000000000000000e+00,6.925494312388049052e-05,0.000000000000000000e+00,0.000000000000000000e+00,0.000000000000000000e+00,0.000000000000000000e+00,0.000000000000000000e+00,0.000000000000000000e+00,0.000000000000000000e+00,0.000000000000000000e+00,0.000000000000000000e+00,0.000000000000000000e+00,1.141669552876408561e-01,1.257550012043448517e-01,1.827998170504506513e-03,0.000000000000000000e+00,0.000000000000000000e+00,0.000000000000000000e+00,0.000000000000000000e+00,0.000000000000000000e+00,1.262441391412013746e-04,1.707382454455301426e-04,0.000000000000000000e+00,4.361041988712084389e-04,0.000000000000000000e+00,0.000000000000000000e+00,0.000000000000000000e+00,0.000000000000000000e+00,0.000000000000000000e+00,0.000000000000000000e+00,0.000000000000000000e+00,1.002180391197429604e-01,1.352653471345759140e-01,1.349853817332364037e-01,0.000000000000000000e+00,0.000000000000000000e+00,0.000000000000000000e+00,0.000000000000000000e+00,0.000000000000000000e+00,0.000000000000000000e+00,6.925494312388044986e-05,3.709739661306802466e-02,0.000000000000000000e+00,0.000000000000000000e+00,0.000000000000000000e+00,0.000000000000000000e+00,0.000000000000000000e+00,0.000000000000000000e+00,0.000000000000000000e+00,0.000000000000000000e+00,0.000000000000000000e+00,5.020036265233868145e-02,1.292845052312739385e-01,8.042012660001872371e-02,0.000000000000000000e+00,0.000000000000000000e+00,0.000000000000000000e+00,0.000000000000000000e+00,0.000000000000000000e+00,0.000000000000000000e+00,0.000000000000000000e+00,0.000000000000000000e+00,0.000000000000000000e+00,0.000000000000000000e+00,0.000000000000000000e+00,0.000000000000000000e+00,0.000000000000000000e+00,0.000000000000000000e+00,0.000000000000000000e+00,0.000000000000000000e+00,0.000000000000000000e+00,5.641220547651672884e-03,6.837251738431165959e-03,0.000000000000000000e+00,0.000000000000000000e+00,0.000000000000000000e+00,0.000000000000000000e+00,0.000000000000000000e+00,0.000000000000000000e+00,0.000000000000000000e+00,0.000000000000000000e+00,0.000000000000000000e+00,0.000000000000000000e+00,0.000000000000000000e+00,0.000000000000000000e+00,0.000000000000000000e+00,0.000000000000000000e+00,0.000000000000000000e+00,0.000000000000000000e+00,0.000000000000000000e+00,0.000000000000000000e+00,0.000000000000000000e+00,5.725540007177601712e-03,6.714531259747885672e-04,0.000000000000000000e+00,0.000000000000000000e+00,0.000000000000000000e+00,0.000000000000000000e+00,0.000000000000000000e+00,0.000000000000000000e+00,0.000000000000000000e+00,0.000000000000000000e+00,0.000000000000000000e+00,3.243026378596405856e-02,0.000000000000000000e+00,0.000000000000000000e+00,0.000000000000000000e+00,0.000000000000000000e+00,0.000000000000000000e+00,0.000000000000000000e+00,0.000000000000000000e+00,0.000000000000000000e+00,0.000000000000000000e+00,0.000000000000000000e+00,0.000000000000000000e+00,0.000000000000000000e+00,0.000000000000000000e+00,0.000000000000000000e+00,0.000000000000000000e+00,0.000000000000000000e+00,0.000000000000000000e+00,0.000000000000000000e+00,0.000000000000000000e+00,0.000000000000000000e+00,0.000000000000000000e+00,0.000000000000000000e+00,0.000000000000000000e+00,0.000000000000000000e+00,0.000000000000000000e+00,0.000000000000000000e+00,0.000000000000000000e+00,2.198574459844144981e-04,8.913105719592029569e-04,0.000000000000000000e+00,0.000000000000000000e+00,0.000000000000000000e+00,0.000000000000000000e+00,0.000000000000000000e+00,0.000000000000000000e+00,0.000000000000000000e+00,0.000000000000000000e+00,0.000000000000000000e+00,0.000000000000000000e+00,0.000000000000000000e+00,0.000000000000000000e+00,0.000000000000000000e+00,0.000000000000000000e+00,0.000000000000000000e+00,8.117524756470012592e-03,0.000000000000000000e+00,0.000000000000000000e+00,7.478009627796220480e-04,0.000000000000000000e+00,0.000000000000000000e+00,0.000000000000000000e+00,0.000000000000000000e+00,0.000000000000000000e+00,0.000000000000000000e+00,0.000000000000000000e+00,0.000000000000000000e+00,0.000000000000000000e+00,0.000000000000000000e+00,0.000000000000000000e+00,3.910213993645443326e-04,0.000000000000000000e+00,0.000000000000000000e+00,0.000000000000000000e+00,0.000000000000000000e+00,0.000000000000000000e+00,0.000000000000000000e+00,2.198574459844147692e-04,0.000000000000000000e+00,0.000000000000000000e+00,2.692176411823756136e-05,5.442151373719165557e-06,0.000000000000000000e+00,0.000000000000000000e+00,0.000000000000000000e+00,0.000000000000000000e+00,0.000000000000000000e+00,0.000000000000000000e+00,0.000000000000000000e+00,0.000000000000000000e+00,3.796229828043878179e-04,0.000000000000000000e+00,0.000000000000000000e+00,0.000000000000000000e+00,0.000000000000000000e+00,0.000000000000000000e+00,0.000000000000000000e+00,0.000000000000000000e+00,0.000000000000000000e+00,0.000000000000000000e+00,0.000000000000000000e+00,7.478141605558279571e-05,0.000000000000000000e+00,0.000000000000000000e+00,0.000000000000000000e+00,0.000000000000000000e+00,0.000000000000000000e+00,0.000000000000000000e+00,0.000000000000000000e+00,0.000000000000000000e+00,2.822507027349736766e-04,5.588268211175835738e-05,0.000000000000000000e+00,0.000000000000000000e+00,0.000000000000000000e+00,0.000000000000000000e+00,0.000000000000000000e+00,0.000000000000000000e+00,0.000000000000000000e+00,1.262296027625418003e-03,0.000000000000000000e+00,0.000000000000000000e+00,0.000000000000000000e+00,0.000000000000000000e+00,0.000000000000000000e+00,0.000000000000000000e+00,0.000000000000000000e+00,0.000000000000000000e+00,0.000000000000000000e+00,0.000000000000000000e+00,0.000000000000000000e+00,0.000000000000000000e+00,0.000000000000000000e+00,0.000000000000000000e+00,0.000000000000000000e+00,0.000000000000000000e+00,1.350519235555240789e-03,0.000000000000000000e+00,0.000000000000000000e+00,0.000000000000000000e+00,0.000000000000000000e+00,0.000000000000000000e+00,0.000000000000000000e+00,0.000000000000000000e+00,0.000000000000000000e+00,0.000000000000000000e+00,0.000000000000000000e+00,0.000000000000000000e+00,0.000000000000000000e+00,0.000000000000000000e+00
0.000000000000000000e+00,0.000000000000000000e+00,0.000000000000000000e+00,0.000000000000000000e+00,0.000000000000000000e+00,0.000000000000000000e+00,0.000000000000000000e+00,0.000000000000000000e+00,0.000000000000000000e+00,0.000000000000000000e+00,0.000000000000000000e+00,0.000000000000000000e+00,2.221794472319914282e-02,9.510567579122955473e-03,2.631733562054792280e-03,2.600498919929119558e-03,0.000000000000000000e+00,0.000000000000000000e+00,2.270753030053640770e-19,1.591582781047106571e-03,0.000000000000000000e+00,0.000000000000000000e+00,0.000000000000000000e+00,0.000000000000000000e+00,0.000000000000000000e+00,0.000000000000000000e+00,0.000000000000000000e+00,0.000000000000000000e+00,0.000000000000000000e+00,0.000000000000000000e+00,0.000000000000000000e+00,0.000000000000000000e+00,0.000000000000000000e+00,0.000000000000000000e+00,0.000000000000000000e+00,0.000000000000000000e+00,0.000000000000000000e+00,0.000000000000000000e+00,0.000000000000000000e+00,0.000000000000000000e+00,0.000000000000000000e+00,0.000000000000000000e+00,0.000000000000000000e+00,0.000000000000000000e+00,1.548105590933172328e-04,0.000000000000000000e+00,0.000000000000000000e+00,0.000000000000000000e+00,0.000000000000000000e+00,0.000000000000000000e+00,0.000000000000000000e+00,0.000000000000000000e+00,0.000000000000000000e+00,0.000000000000000000e+00,0.000000000000000000e+00,0.000000000000000000e+00,0.000000000000000000e+00,0.000000000000000000e+00,0.000000000000000000e+00,0.000000000000000000e+00,0.000000000000000000e+00,0.000000000000000000e+00,0.000000000000000000e+00,0.000000000000000000e+00,0.000000000000000000e+00,0.000000000000000000e+00,0.000000000000000000e+00,0.000000000000000000e+00,4.820401645919582242e-20,0.000000000000000000e+00,2.831609861788700379e-05,0.000000000000000000e+00,0.000000000000000000e+00,0.000000000000000000e+00,0.000000000000000000e+00,0.000000000000000000e+00,0.000000000000000000e+00,0.000000000000000000e+00,0.000000000000000000e+00,0.000000000000000000e+00,0.000000000000000000e+00,0.000000000000000000e+00,4.869874758080723994e-20,0.000000000000000000e+00,0.000000000000000000e+00,0.000000000000000000e+00,0.000000000000000000e+00,0.000000000000000000e+00,0.000000000000000000e+00,4.569533256417753972e-03,9.871313510020459834e-05,0.000000000000000000e+00,0.000000000000000000e+00,0.000000000000000000e+00,0.000000000000000000e+00,0.000000000000000000e+00,0.000000000000000000e+00,0.000000000000000000e+00,0.000000000000000000e+00,0.000000000000000000e+00,0.000000000000000000e+00,0.000000000000000000e+00,0.000000000000000000e+00,0.000000000000000000e+00,0.000000000000000000e+00,0.000000000000000000e+00,3.287325768739992438e-20,0.000000000000000000e+00,0.000000000000000000e+00,9.871313510020425952e-05,9.871313510020425952e-05,0.000000000000000000e+00,0.000000000000000000e+00,0.000000000000000000e+00,0.000000000000000000e+00,0.000000000000000000e+00,0.000000000000000000e+00,0.000000000000000000e+00,0.000000000000000000e+00,3.022068044238238223e-03,0.000000000000000000e+00,0.000000000000000000e+00,0.000000000000000000e+00,0.000000000000000000e+00,0.000000000000000000e+00,0.000000000000000000e+00,0.000000000000000000e+00,0.000000000000000000e+00,0.000000000000000000e+00,4.727131903060070167e-03,9.871313510020459834e-05,1.216542083258579284e-20,0.000000000000000000e+00,0.000000000000000000e+00,0.000000000000000000e+00,0.000000000000000000e+00,0.000000000000000000e+00,0.000000000000000000e+00,5.036658643685267694e-05,0.000000000000000000e+00,0.000000000000000000e+00,0.000000000000000000e+00,0.000000000000000000e+00,0.000000000000000000e+00,0.000000000000000000e+00,0.000000000000000000e+00,0.000000000000000000e+00,0.000000000000000000e+00,0.000000000000000000e+00,0.000000000000000000e+00,4.161978079389659125e-19,5.522849618967424004e-03,5.522849618967425739e-03,6.095447493913883031e-04,1.433745131003328352e-03,0.000000000000000000e+00,0.000000000000000000e+00,0.000000000000000000e+00,2.539347914542284201e-04,0.000000000000000000e+00,0.000000000000000000e+00,0.000000000000000000e+00,0.000000000000000000e+00,0.000000000000000000e+00,0.000000000000000000e+00,0.000000000000000000e+00,0.000000000000000000e+00,0.000000000000000000e+00,0.000000000000000000e+00,9.529765281859321757e-02,8.379413850828543175e-02,6.702659958516523665e-03,0.000000000000000000e+00,0.000000000000000000e+00,0.000000000000000000e+00,0.000000000000000000e+00,0.000000000000000000e+00,4.628951768510716617e-04,6.260402333002771172e-04,0.000000000000000000e+00,1.599048729194431015e-03,0.000000000000000000e+00,0.000000000000000000e+00,0.000000000000000000e+00,0.000000000000000000e+00,0.000000000000000000e+00,0.000000000000000000e+00,0.000000000000000000e+00,8.983104084082225993e-02,1.186654069191326460e-01,1.176388671142210712e-01,0.000000000000000000e+00,0.000000000000000000e+00,0.000000000000000000e+00,0.000000000000000000e+00,0.000000000000000000e+00,0.000000000000000000e+00,2.539347914542283116e-04,3.995812282163455076e-02,0.000000000000000000e+00,0.000000000000000000e+00,0.000000000000000000e+00,0.000000000000000000e+00,0.000000000000000000e+00,0.000000000000000000e+00,0.000000000000000000e+00,0.000000000000000000e+00,0.000000000000000000e+00,7.087573661961475702e-02,9.673565327369204603e-02,6.715995964207313595e-02,0.000000000000000000e+00,0.000000000000000000e+00,0.000000000000000000e+00,0.000000000000000000e+00,0.000000000000000000e+00,0.000000000000000000e+00,0.000000000000000000e+00,0.000000000000000000e+00,0.000000000000000000e+00,0.000000000000000000e+00,0.000000000000000000e+00,0.000000000000000000e+00,0.000000000000000000e+00,0.000000000000000000e+00,0.000000000000000000e+00,0.000000000000000000e+00,0.000000000000000000e+00,2.068447534138946609e-02,2.506992304091427634e-02,0.000000000000000000e+00,0.000000000000000000e+00,0.000000000000000000e+00,0.000000000000000000e+00,0.000000000000000000e+00,0.000000000000000000e+00,0.000000000000000000e+00,0.000000000000000000e+00,0.000000000000000000e+00,0.000000000000000000e+00,0.000000000000000000e+00,0.000000000000000000e+00,0.000000000000000000e+00,0.000000000000000000e+00,0.000000000000000000e+00,0.000000000000000000e+00,0.000000000000000000e+00,0.000000000000000000e+00,0.000000000000000000e+00,2.099364669298454250e-02,2.461994795240891702e-03,0.000000000000000000e+00,0.000000000000000000e+00,0.000000000000000000e+00,0.000000000000000000e+00,0.000000000000000000e+00,0.000000000000000000e+00,0.000000000000000000e+00,0.000000000000000000e+00,0.000000000000000000e+00,1.847918648894541355e-02,0.000000000000000000e+00,0.000000000000000000e+00,0.000000000000000000e+00,0.000000000000000000e+00,0.000000000000000000e+00,0.000000000000000000e+00,0.000000000000000000e+00,0.000000000000000000e+00,0.000000000000000000e+00,0.000000000000000000e+00,0.000000000000000000e+00,0.000000000000000000e+00,0.000000000000000000e+00,0.000000000000000000e+00,0.000000000000000000e+00,0.000000000000000000e+00,0.000000000000000000e+00,0.000000000000000000e+00,0.000000000000000000e+00,0.000000000000000000e+00,0.000000000000000000e+00,0.000000000000000000e+00,0.000000000000000000e+00,0.000000000000000000e+00,0.000000000000000000e+00,0.000000000000000000e+00,0.000000000000000000e+00,8.061439686095197904e-04,3.268138763850410734e-03,0.000000000000000000e+00,0.000000000000000000e+00,0.000000000000000000e+00,0.000000000000000000e+00,0.000000000000000000e+00,0.000000000000000000e+00,0.000000000000000000e+00,0.000000000000000000e+00,0.000000000000000000e+00,0.000000000000000000e+00,0.000000000000000000e+00,0.000000000000000000e+00,0.000000000000000000e+00,0.000000000000000000e+00,0.000000000000000000e+00,2.976425744039004617e-02,0.000000000000000000e+00,0.000000000000000000e+00,2.741936863525280734e-03,0.000000000000000000e+00,0.000000000000000000e+00,0.000000000000000000e+00,0.000000000000000000e+00,0.000000000000000000e+00,0.000000000000000000e+00,0.000000000000000000e+00,0.000000000000000000e+00,0.000000000000000000e+00,0.000000000000000000e+00,0.000000000000000000e+00,1.433745131003329220e-03,0.000000000000000000e+00,0.000000000000000000e+00,0.000000000000000000e+00,0.000000000000000000e+00,0.000000000000000000e+00,0.000000000000000000e+00,8.061439686095207661e-04,0.000000000000000000e+00,0.000000000000000000e+00,9.871313510020439505e-05,1.995455503697027145e-05,0.000000000000000000e+00,0.000000000000000000e+00,0.000000000000000000e+00,0.000000000000000000e+00,0.000000000000000000e+00,0.000000000000000000e+00,0.000000000000000000e+00,0.000000000000000000e+00,1.391950936949421999e-03,0.000000000000000000e+00,0.000000000000000000e+00,0.000000000000000000e+00,0.000000000000000000e+00,0.000000000000000000e+00,0.000000000000000000e+00,0.000000000000000000e+00,0.000000000000000000e+00,0.000000000000000000e+00,0.000000000000000000e+00,2.741985255371369402e-04,0.000000000000000000e+00,0.000000000000000000e+00,0.000000000000000000e+00,0.000000000000000000e+00,0.000000000000000000e+00,0.000000000000000000e+00,0.000000000000000000e+00,0.000000000000000000e+00,1.034919243361570075e-03,2.049031677431139545e-04,0.000000000000000000e+00,0.000000000000000000e+00,0.000000000000000000e+00,0.000000000000000000e+00,0.000000000000000000e+00,0.000000000000000000e+00,0.000000000000000000e+00,4.628418767959866301e-03,0.000000000000000000e+00,0.000000000000000000e+00,0.000000000000000000e+00,0.000000000000000000e+00,0.000000000000000000e+00,0.000000000000000000e+00,0.000000000000000000e+00,0.000000000000000000e+00,0.000000000000000000e+00,0.000000000000000000e+00,0.000000000000000000e+00,0.000000000000000000e+00,0.000000000000000000e+00,0.000000000000000000e+00,0.000000000000000000e+00,0.000000000000000000e+00,4.951903863702549272e-03,0.000000000000000000e+00,0.000000000000000000e+00,0.000000000000000000e+00,0.000000000000000000e+00,0.000000000000000000e+00,0.000000000000000000e+00,0.000000000000000000e+00,0.000000000000000000e+00,0.000000000000000000e+00,0.000000000000000000e+00,0.000000000000000000e+00,0.000000000000000000e+00,0.000000000000000000e+00
0.000000000000000000e+00,0.000000000000000000e+00,0.000000000000000000e+00,0.000000000000000000e+00,0.000000000000000000e+00,0.000000000000000000e+00,0.000000000000000000e+00,0.000000000000000000e+00,0.000000000000000000e+00,0.000000000000000000e+00,0.000000000000000000e+00,0.000000000000000000e+00,3.837644997643488431e-02,1.902113515824591788e-03,4.545721607185550066e-03,4.491770861695752043e-03,0.000000000000000000e+00,0.000000000000000000e+00,3.922209779183561243e-19,2.749097530899547673e-03,0.000000000000000000e+00,0.000000000000000000e+00,0.000000000000000000e+00,0.000000000000000000e+00,0.000000000000000000e+00,0.000000000000000000e+00,0.000000000000000000e+00,0.000000000000000000e+00,0.000000000000000000e+00,0.000000000000000000e+00,0.000000000000000000e+00,0.000000000000000000e+00,0.000000000000000000e+00,0.000000000000000000e+00,0.000000000000000000e+00,0.000000000000000000e+00,0.000000000000000000e+00,0.000000000000000000e+00,0.000000000000000000e+00,0.000000000000000000e+00,0.000000000000000000e+00,0.000000000000000000e+00,0.000000000000000000e+00,0.000000000000000000e+00,2.674000566157297312e-04,0.000000000000000000e+00,0.000000000000000000e+00,0.000000000000000000e+00,0.000000000000000000e+00,0.000000000000000000e+00,0.000000000000000000e+00,0.000000000000000000e+00,0.000000000000000000e+00,0.000000000000000000e+00,0.000000000000000000e+00,0.000000000000000000e+00,0.000000000000000000e+00,0.000000000000000000e+00,0.000000000000000000e+00,0.000000000000000000e+00,0.000000000000000000e+00,0.000000000000000000e+00,0.000000000000000000e+00,0.000000000000000000e+00,0.000000000000000000e+00,0.000000000000000000e+00,0.000000000000000000e+00,0.000000000000000000e+00,9.640803291839170502e-21,0.000000000000000000e+00,4.890962488544118436e-05,0.000000000000000000e+00,0.000000000000000000e+00,0.000000000000000000e+00,0.000000000000000000e+00,0.000000000000000000e+00,0.000000000000000000e+00,0.000000000000000000e+00,0.000000000000000000e+00,0.000000000000000000e+00,0.000000000000000000e+00,0.000000000000000000e+00,8.411601854866705683e-20,0.000000000000000000e+00,0.000000000000000000e+00,0.000000000000000000e+00,0.000000000000000000e+00,0.000000000000000000e+00,0.000000000000000000e+00,7.892830170176121443e-03,1.705045060821715642e-04,0.000000000000000000e+00,0.000000000000000000e+00,0.000000000000000000e+00,0.000000000000000000e+00,0.000000000000000000e+00,0.000000000000000000e+00,0.000000000000000000e+00,0.000000000000000000e+00,0.000000000000000000e+00,0.000000000000000000e+00,0.000000000000000000e+00,0.000000000000000000e+00,0.000000000000000000e+00,0.000000000000000000e+00,0.000000000000000000e+00,6.574651537479984876e-21,0.000000000000000000e+00,0.000000000000000000e+00,1.705045060821709950e-04,1.705045060821709950e-04,0.000000000000000000e+00,0.000000000000000000e+00,0.000000000000000000e+00,0.000000000000000000e+00,0.000000000000000000e+00,0.000000000000000000e+00,0.000000000000000000e+00,0.000000000000000000e+00,5.219935712775138591e-03,0.000000000000000000e+00,0.000000000000000000e+00,0.000000000000000000e+00,0.000000000000000000e+00,0.000000000000000000e+00,0.000000000000000000e+00,0.000000000000000000e+00,0.000000000000000000e+00,0.000000000000000000e+00,8.165046014376484834e-03,1.705045060821715642e-04,2.101299961992091437e-20,0.000000000000000000e+00,0.000000000000000000e+00,0.000000000000000000e+00,0.000000000000000000e+00,0.000000000000000000e+00,0.000000000000000000e+00,8.699683111820007836e-05,0.000000000000000000e+00,0.000000000000000000e+00,0.000000000000000000e+00,0.000000000000000000e+00,0.000000000000000000e+00,0.000000000000000000e+00,0.000000000000000000e+00,0.000000000000000000e+00,0.000000000000000000e+00,0.000000000000000000e+00,0.000000000000000000e+00,7.188871228036683462e-19,9.539467523671005256e-03,9.539467523671006990e-03,1.052850021676034371e-03,2.476468862642112589e-03,0.000000000000000000e+00,0.000000000000000000e+00,0.000000000000000000e+00,4.386146397845763767e-04,0.000000000000000000e+00,0.000000000000000000e+00,0.000000000000000000e+00,0.000000000000000000e+00,0.000000000000000000e+00,0.000000000000000000e+00,0.000000000000000000e+00,0.000000000000000000e+00,0.000000000000000000e+00,0.000000000000000000e+00,7.642835034954557905e-02,4.183327581222598401e-02,1.157732174652854190e-02,0.000000000000000000e+00,0.000000000000000000e+00,0.000000000000000000e+00,0.000000000000000000e+00,0.000000000000000000e+00,7.995462145609419759e-04,1.081342221155024092e-03,0.000000000000000000e+00,2.761993259517653808e-03,0.000000000000000000e+00,0.000000000000000000e+00,0.000000000000000000e+00,0.000000000000000000e+00,0.000000000000000000e+00,0.000000000000000000e+00,0.000000000000000000e+00,7.944404256190154556e-02,1.020654667036893642e-01,1.002923524952057388e-01,0.000000000000000000e+00,0.000000000000000000e+00,0.000000000000000000e+00,0.000000000000000000e+00,0.000000000000000000e+00,0.000000000000000000e+00,4.386146397845762141e-04,4.281884903020106992e-02,0.000000000000000000e+00,0.000000000000000000e+00,0.000000000000000000e+00,0.000000000000000000e+00,0.000000000000000000e+00,0.000000000000000000e+00,0.000000000000000000e+00,0.000000000000000000e+00,0.000000000000000000e+00,9.155111058689083259e-02,6.418680131611015360e-02,5.389979268412755514e-02,0.000000000000000000e+00,0.000000000000000000e+00,0.000000000000000000e+00,0.000000000000000000e+00,0.000000000000000000e+00,0.000000000000000000e+00,0.000000000000000000e+00,0.000000000000000000e+00,0.000000000000000000e+00,0.000000000000000000e+00,0.000000000000000000e+00,0.000000000000000000e+00,0.000000000000000000e+00,0.000000000000000000e+00,0.000000000000000000e+00,0.000000000000000000e+00,0.000000000000000000e+00,3.572773013512725582e-02,4.330259434339738672e-02,0.000000000000000000e+00,0.000000000000000000e+00,0.000000000000000000e+00,0.000000000000000000e+00,0.000000000000000000e+00,0.000000000000000000e+00,0.000000000000000000e+00,0.000000000000000000e+00,0.000000000000000000e+00,0.000000000000000000e+00,0.000000000000000000e+00,0.000000000000000000e+00,0.000000000000000000e+00,0.000000000000000000e+00,0.000000000000000000e+00,0.000000000000000000e+00,0.000000000000000000e+00,0.000000000000000000e+00,0.000000000000000000e+00,3.626175337879147809e-02,4.252536464506994837e-03,0.000000000000000000e+00,0.000000000000000000e+00,0.000000000000000000e+00,0.000000000000000000e+00,0.000000000000000000e+00,0.000000000000000000e+00,0.000000000000000000e+00,0.000000000000000000e+00,0.000000000000000000e+00,4.528109191926768529e-03,0.000000000000000000e+00,0.000000000000000000e+00,0.000000000000000000e+00,0.000000000000000000e+00,0.000000000000000000e+00,0.000000000000000000e+00,0.000000000000000000e+00,0.000000000000000000e+00,0.000000000000000000e+00,0.000000000000000000e+00,0.000000000000000000e+00,0.000000000000000000e+00,0.000000000000000000e+00,0.000000000000000000e+00,0.000000000000000000e+00,0.000000000000000000e+00,0.000000000000000000e+00,0.000000000000000000e+00,0.000000000000000000e+00,0.000000000000000000e+00,0.000000000000000000e+00,0.000000000000000000e+00,0.000000000000000000e+00,0.000000000000000000e+00,0.000000000000000000e+00,0.000000000000000000e+00,0.000000000000000000e+00,1.392430491234625083e-03,5.644966955741619052e-03,0.000000000000000000e+00,0.000000000000000000e+00,0.000000000000000000e+00,0.000000000000000000e+00,0.000000000000000000e+00,0.000000000000000000e+00,0.000000000000000000e+00,0.000000000000000000e+00,0.000000000000000000e+00,0.000000000000000000e+00,0.000000000000000000e+00,0.000000000000000000e+00,0.000000000000000000e+00,0.000000000000000000e+00,0.000000000000000000e+00,5.141099012431007975e-02,0.000000000000000000e+00,0.000000000000000000e+00,4.736072764270939962e-03,0.000000000000000000e+00,0.000000000000000000e+00,0.000000000000000000e+00,0.000000000000000000e+00,0.000000000000000000e+00,0.000000000000000000e+00,0.000000000000000000e+00,0.000000000000000000e+00,0.000000000000000000e+00,0.000000000000000000e+00,0.000000000000000000e+00,2.476468862642113890e-03,0.000000000000000000e+00,0.000000000000000000e+00,0.000000000000000000e+00,0.000000000000000000e+00,0.000000000000000000e+00,0.000000000000000000e+00,1.392430491234626817e-03,0.000000000000000000e+00,0.000000000000000000e+00,1.705045060821712118e-04,3.446695870022138073e-05,0.000000000000000000e+00,0.000000000000000000e+00,0.000000000000000000e+00,0.000000000000000000e+00,0.000000000000000000e+00,0.000000000000000000e+00,0.000000000000000000e+00,0.000000000000000000e+00,2.404278891094456180e-03,0.000000000000000000e+00,0.000000000000000000e+00,0.000000000000000000e+00,0.000000000000000000e+00,0.000000000000000000e+00,0.000000000000000000e+00,0.000000000000000000e+00,0.000000000000000000e+00,0.000000000000000000e+00,0.000000000000000000e+00,4.736156350186910440e-04,0.000000000000000000e+00,0.000000000000000000e+00,0.000000000000000000e+00,0.000000000000000000e+00,0.000000000000000000e+00,0.000000000000000000e+00,0.000000000000000000e+00,0.000000000000000000e+00,1.787587783988166474e-03,3.539236533744695651e-04,0.000000000000000000e+00,0.000000000000000000e+00,0.000000000000000000e+00,0.000000000000000000e+00,0.000000000000000000e+00,0.000000000000000000e+00,0.000000000000000000e+00,7.994541508294315466e-03,0.000000000000000000e+00,0.000000000000000000e+00,0.000000000000000000e+00,0.000000000000000000e+00,0.000000000000000000e+00,0.000000000000000000e+00,0.000000000000000000e+00,0.000000000000000000e+00,0.000000000000000000e+00,0.000000000000000000e+00,0.000000000000000000e+00,0.000000000000000000e+00,0.000000000000000000e+00,0.000000000000000000e+00,0.000000000000000000e+00,0.000000000000000000e+00,8.553288491849856887e-03,0.000000000000000000e+00,0.000000000000000000e+00,0.000000000000000000e+00,0.000000000000000000e+00,0.000000000000000000e+00,0.000000000000000000e+00,0.000000000000000000e+00,0.000000000000000000e+00,0.000000000000000000e+00,0.000000000000000000e+00,0.000000000000000000e+00,0.000000000000000000e+00,0.000000000000000000e+00
0.000000000000000000e+00,0.000000000000000000e+00,0.000000000000000000e+00,0.000000000000000000e+00,0.000000000000000000e+00,0.000000000000000000e+00,0.000000000000000000e+00,0.000000000000000000e+00,0.000000000000000000e+00,0.000000000000000000e+00,9.736650572251608852e-04,0.000000000000000000e+00,3.029719734981701704e-02,0.000000000000000000e+00,3.588727584620171173e-03,3.546134890812435367e-03,0.000000000000000000e+00,0.000000000000000000e+00,3.096481404618600525e-19,3.350536557795023157e-03,0.000000000000000000e+00,0.000000000000000000e+00,0.000000000000000000e+00,0.000000000000000000e+00,0.000000000000000000e+00,0.000000000000000000e+00,0.000000000000000000e+00,0.000000000000000000e+00,0.000000000000000000e+00,0.000000000000000000e+00,0.000000000000000000e+00,0.000000000000000000e+00,0.000000000000000000e+00,0.000000000000000000e+00,0.000000000000000000e+00,0.000000000000000000e+00,0.000000000000000000e+00,0.000000000000000000e+00,0.000000000000000000e+00,0.000000000000000000e+00,0.000000000000000000e+00,0.000000000000000000e+00,0.000000000000000000e+00,0.000000000000000000e+00,2.111053078545234820e-04,0.000000000000000000e+00,0.000000000000000000e+00,0.000000000000000000e+00,0.000000000000000000e+00,0.000000000000000000e+00,0.000000000000000000e+00,0.000000000000000000e+00,0.000000000000000000e+00,0.000000000000000000e+00,0.000000000000000000e+00,0.000000000000000000e+00,0.000000000000000000e+00,0.000000000000000000e+00,0.000000000000000000e+00,0.000000000000000000e+00,0.000000000000000000e+00,0.000000000000000000e+00,0.000000000000000000e+00,0.000000000000000000e+00,0.000000000000000000e+00,0.000000000000000000e+00,0.000000000000000000e+00,0.000000000000000000e+00,0.000000000000000000e+00,0.000000000000000000e+00,3.861286175166409577e-05,0.000000000000000000e+00,0.000000000000000000e+00,0.000000000000000000e+00,0.000000000000000000e+00,0.000000000000000000e+00,0.000000000000000000e+00,0.000000000000000000e+00,0.000000000000000000e+00,0.000000000000000000e+00,0.000000000000000000e+00,0.000000000000000000e+00,3.870729785031135203e-04,2.720882966656395108e-04,0.000000000000000000e+00,0.000000000000000000e+00,0.000000000000000000e+00,0.000000000000000000e+00,0.000000000000000000e+00,6.231181713296937708e-03,1.346088205911880812e-04,0.000000000000000000e+00,0.000000000000000000e+00,0.000000000000000000e+00,0.000000000000000000e+00,0.000000000000000000e+00,0.000000000000000000e+00,0.000000000000000000e+00,3.870729785031134119e-04,1.083409170690248328e-02,0.000000000000000000e+00,0.000000000000000000e+00,3.870729785031134119e-04,0.000000000000000000e+00,0.000000000000000000e+00,0.000000000000000000e+00,0.000000000000000000e+00,0.000000000000000000e+00,0.000000000000000000e+00,1.346088205911876205e-04,1.346088205911876205e-04,0.000000000000000000e+00,0.000000000000000000e+00,0.000000000000000000e+00,0.000000000000000000e+00,0.000000000000000000e+00,0.000000000000000000e+00,0.000000000000000000e+00,3.870729785031134661e-04,4.301814609044038451e-03,0.000000000000000000e+00,0.000000000000000000e+00,0.000000000000000000e+00,0.000000000000000000e+00,0.000000000000000000e+00,0.000000000000000000e+00,0.000000000000000000e+00,0.000000000000000000e+00,0.000000000000000000e+00,6.446088958718277501e-03,1.346088205911880812e-04,2.594504968630062977e-19,0.000000000000000000e+00,0.000000000000000000e+00,0.000000000000000000e+00,0.000000000000000000e+00,0.000000000000000000e+00,0.000000000000000000e+00,6.868170877752637765e-05,0.000000000000000000e+00,0.000000000000000000e+00,0.000000000000000000e+00,0.000000000000000000e+00,0.000000000000000000e+00,0.000000000000000000e+00,0.000000000000000000e+00,0.000000000000000000e+00,1.485054150147550834e-03,1.485054150147550834e-03,0.000000000000000000e+00,5.675424653713171053e-19,7.531158571319215497e-03,7.531158571319216365e-03,8.311973855337112830e-04,1.955106996822720145e-03,2.298534060183224717e-02,2.192202592251573864e-02,4.791157849915957155e-04,3.462747156194024255e-04,0.000000000000000000e+00,0.000000000000000000e+00,0.000000000000000000e+00,0.000000000000000000e+00,0.000000000000000000e+00,0.000000000000000000e+00,0.000000000000000000e+00,0.000000000000000000e+00,1.485054150147550834e-03,1.485054150147550834e-03,5.220344880001281940e-02,2.249850258095796238e-02,9.139990852522532350e-03,0.000000000000000000e+00,0.000000000000000000e+00,0.000000000000000000e+00,0.000000000000000000e+00,2.113163945287926254e-02,6.312206957060067375e-04,8.536912272276507129e-04,0.000000000000000000e+00,2.180520994356042411e-03,0.000000000000000000e+00,0.000000000000000000e+00,0.000000000000000000e+00,2.004707162916899779e-02,0.000000000000000000e+00,0.000000000000000000e+00,0.000000000000000000e+00,5.489092356583669119e-02,8.657128376024460226e-02,8.010849796009754387e-02,1.587717718530300137e-02,0.000000000000000000e+00,0.000000000000000000e+00,0.000000000000000000e+00,0.000000000000000000e+00,0.000000000000000000e+00,3.462747156194023171e-04,3.109573613024478600e-02,0.000000000000000000e+00,1.925272938813654862e-04,0.000000000000000000e+00,0.000000000000000000e+00,0.000000000000000000e+00,0.000000000000000000e+00,0.000000000000000000e+00,0.000000000000000000e+00,2.034848619515983517e-02,9.737105032051453224e-02,5.666707424373471080e-02,5.200914214576097400e-02,0.000000000000000000e+00,0.000000000000000000e+00,0.000000000000000000e+00,0.000000000000000000e+00,0.000000000000000000e+00,0.000000000000000000e+00,0.000000000000000000e+00,0.000000000000000000e+00,0.000000000000000000e+00,0.000000000000000000e+00,0.000000000000000000e+00,0.000000000000000000e+00,5.548804338743352008e-03,0.000000000000000000e+00,0.000000000000000000e+00,0.000000000000000000e+00,0.000000000000000000e+00,2.820610273825836095e-02,5.544006821664278217e-02,0.000000000000000000e+00,0.000000000000000000e+00,0.000000000000000000e+00,0.000000000000000000e+00,4.118542633713549728e-03,0.000000000000000000e+00,0.000000000000000000e+00,0.000000000000000000e+00,0.000000000000000000e+00,0.000000000000000000e+00,0.000000000000000000e+00,0.000000000000000000e+00,0.000000000000000000e+00,0.000000000000000000e+00,0.000000000000000000e+00,0.000000000000000000e+00,0.000000000000000000e+00,0.000000000000000000e+00,0.000000000000000000e+00,2.862770003588801029e-02,3.357265629873942836e-03,0.000000000000000000e+00,0.000000000000000000e+00,0.000000000000000000e+00,0.000000000000000000e+00,0.000000000000000000e+00,0.000000000000000000e+00,0.000000000000000000e+00,0.000000000000000000e+00,0.000000000000000000e+00,2.341519879820772032e-03,0.000000000000000000e+00,0.000000000000000000e+00,0.000000000000000000e+00,0.000000000000000000e+00,0.000000000000000000e+00,0.000000000000000000e+00,0.000000000000000000e+00,0.000000000000000000e+00,0.000000000000000000e+00,2.113380462364339296e-03,0.000000000000000000e+00,0.000000000000000000e+00,0.000000000000000000e+00,0.000000000000000000e+00,0.000000000000000000e+00,0.000000000000000000e+00,0.000000000000000000e+00,0.000000000000000000e+00,0.000000000000000000e+00,2.113380462364339296e-03,0.000000000000000000e+00,0.000000000000000000e+00,0.000000000000000000e+00,0.000000000000000000e+00,0.000000000000000000e+00,0.000000000000000000e+00,0.000000000000000000e+00,1.099287229922072274e-03,4.707536235614689230e-03,2.113380462364339296e-03,0.000000000000000000e+00,0.000000000000000000e+00,0.000000000000000000e+00,0.000000000000000000e+00,0.000000000000000000e+00,0.000000000000000000e+00,0.000000000000000000e+00,0.000000000000000000e+00,0.000000000000000000e+00,0.000000000000000000e+00,0.000000000000000000e+00,0.000000000000000000e+00,0.000000000000000000e+00,0.000000000000000000e+00,4.058762378235006296e-02,0.000000000000000000e+00,0.000000000000000000e+00,3.739004813898110999e-03,0.000000000000000000e+00,0.000000000000000000e+00,0.000000000000000000e+00,0.000000000000000000e+00,0.000000000000000000e+00,0.000000000000000000e+00,0.000000000000000000e+00,0.000000000000000000e+00,0.000000000000000000e+00,0.000000000000000000e+00,0.000000000000000000e+00,1.955106996822721446e-03,0.000000000000000000e+00,0.000000000000000000e+00,0.000000000000000000e+00,0.000000000000000000e+00,7.544768250640696006e-04,0.000000000000000000e+00,1.777519598578241418e-03,0.000000000000000000e+00,0.000000000000000000e+00,1.346088205911877831e-04,2.721075686859582440e-05,0.000000000000000000e+00,0.000000000000000000e+00,0.000000000000000000e+00,0.000000000000000000e+00,0.000000000000000000e+00,0.000000000000000000e+00,0.000000000000000000e+00,0.000000000000000000e+00,1.898114914021939090e-03,0.000000000000000000e+00,0.000000000000000000e+00,7.111883646513930095e-20,3.817699520207338041e-19,7.544768250640696006e-04,0.000000000000000000e+00,3.064284612258313781e-19,0.000000000000000000e+00,0.000000000000000000e+00,0.000000000000000000e+00,3.739070802779140192e-04,0.000000000000000000e+00,0.000000000000000000e+00,0.000000000000000000e+00,0.000000000000000000e+00,0.000000000000000000e+00,0.000000000000000000e+00,0.000000000000000000e+00,0.000000000000000000e+00,1.411253513674868166e-03,2.794134105587918818e-04,1.643954496204977523e-19,0.000000000000000000e+00,4.498241232858644087e-04,5.520118889379179426e-20,0.000000000000000000e+00,0.000000000000000000e+00,0.000000000000000000e+00,6.311480138127090883e-03,0.000000000000000000e+00,0.000000000000000000e+00,0.000000000000000000e+00,0.000000000000000000e+00,0.000000000000000000e+00,0.000000000000000000e+00,0.000000000000000000e+00,0.000000000000000000e+00,0.000000000000000000e+00,0.000000000000000000e+00,0.000000000000000000e+00,2.496492674313990320e-19,4.447193644748586805e-20,0.000000000000000000e+00,0.000000000000000000e+00,4.447193644748586805e-20,6.752596177776203079e-03,0.000000000000000000e+00,0.000000000000000000e+00,0.000000000000000000e+00,0.000000000000000000e+00,0.000000000000000000e+00,0.000000000000000000e+00,0.000000000000000000e+00,0.000000000000000000e+00,0.000000000000000000e+00,0.000000000000000000e+00,0.000000000000000000e+00,0.000000000000000000e+00,0.000000000000000000e+00
0.000000000000000000e+00,0.000000000000000000e+00,0.000000000000000000e+00,0.000000000000000000e+00,0.000000000000000000e+00,0.000000000000000000e+00,0.000000000000000000e+00,0.000000000000000000e+00,0.000000000000000000e+00,0.000000000000000000e+00,2.271885133525375182e-03,0.000000000000000000e+00,1.413869209658127554e-02,0.000000000000000000e+00,1.674739539489413388e-03,1.654862949045802882e-03,0.000000000000000000e+00,0.000000000000000000e+00,1.445024655488680052e-19,3.766617010371509956e-03,0.000000000000000000e+00,0.000000000000000000e+00,0.000000000000000000e+00,0.000000000000000000e+00,0.000000000000000000e+00,0.000000000000000000e+00,0.000000000000000000e+00,0.000000000000000000e+00,0.000000000000000000e+00,0.000000000000000000e+00,0.000000000000000000e+00,0.000000000000000000e+00,0.000000000000000000e+00,0.000000000000000000e+00,0.000000000000000000e+00,0.000000000000000000e+00,0.000000000000000000e+00,0.000000000000000000e+00,0.000000000000000000e+00,0.000000000000000000e+00,0.000000000000000000e+00,0.000000000000000000e+00,0.000000000000000000e+00,0.000000000000000000e+00,9.851581033211095646e-05,0.000000000000000000e+00,0.000000000000000000e+00,0.000000000000000000e+00,0.000000000000000000e+00,0.000000000000000000e+00,0.000000000000000000e+00,0.000000000000000000e+00,0.000000000000000000e+00,0.000000000000000000e+00,0.000000000000000000e+00,0.000000000000000000e+00,0.000000000000000000e+00,0.000000000000000000e+00,0.000000000000000000e+00,0.000000000000000000e+00,0.000000000000000000e+00,0.000000000000000000e+00,0.000000000000000000e+00,0.000000000000000000e+00,0.000000000000000000e+00,0.000000000000000000e+00,0.000000000000000000e+00,0.000000000000000000e+00,0.000000000000000000e+00,0.000000000000000000e+00,1.801933548410991181e-05,0.000000000000000000e+00,0.000000000000000000e+00,0.000000000000000000e+00,0.000000000000000000e+00,0.000000000000000000e+00,0.000000000000000000e+00,0.000000000000000000e+00,0.000000000000000000e+00,0.000000000000000000e+00,0.000000000000000000e+00,0.000000000000000000e+00,9.031702831739313667e-04,6.348726922198255976e-04,0.000000000000000000e+00,0.000000000000000000e+00,0.000000000000000000e+00,0.000000000000000000e+00,0.000000000000000000e+00,2.907884799538571104e-03,6.281744960922111543e-05,0.000000000000000000e+00,0.000000000000000000e+00,0.000000000000000000e+00,0.000000000000000000e+00,0.000000000000000000e+00,0.000000000000000000e+00,0.000000000000000000e+00,9.031702831739312582e-04,2.527954731610579375e-02,0.000000000000000000e+00,0.000000000000000000e+00,9.031702831739312582e-04,0.000000000000000000e+00,0.000000000000000000e+00,0.000000000000000000e+00,0.000000000000000000e+00,0.000000000000000000e+00,0.000000000000000000e+00,6.281744960922087148e-05,6.281744960922087148e-05,0.000000000000000000e+00,0.000000000000000000e+00,0.000000000000000000e+00,0.000000000000000000e+00,0.000000000000000000e+00,0.000000000000000000e+00,0.000000000000000000e+00,9.031702831739313667e-04,2.345030581223605387e-03,0.000000000000000000e+00,0.000000000000000000e+00,0.000000000000000000e+00,0.000000000000000000e+00,0.000000000000000000e+00,0.000000000000000000e+00,0.000000000000000000e+00,0.000000000000000000e+00,0.000000000000000000e+00,3.008174847401862834e-03,6.281744960922111543e-05,5.744179669246750916e-19,0.000000000000000000e+00,0.000000000000000000e+00,0.000000000000000000e+00,0.000000000000000000e+00,0.000000000000000000e+00,0.000000000000000000e+00,3.205146409617897624e-05,0.000000000000000000e+00,0.000000000000000000e+00,0.000000000000000000e+00,0.000000000000000000e+00,0.000000000000000000e+00,0.000000000000000000e+00,0.000000000000000000e+00,0.000000000000000000e+00,3.465126350344285497e-03,3.465126350344285497e-03,0.000000000000000000e+00,2.648531505066146235e-19,3.514540666615634246e-03,3.514540666615634246e-03,3.878921132490652148e-04,9.123832651839359088e-04,5.363246140427524455e-02,5.115139381920338901e-02,1.117936831647056706e-03,1.615948672890544688e-04,0.000000000000000000e+00,0.000000000000000000e+00,0.000000000000000000e+00,0.000000000000000000e+00,0.000000000000000000e+00,0.000000000000000000e+00,0.000000000000000000e+00,0.000000000000000000e+00,3.465126350344285497e-03,3.465126350344285497e-03,2.619334755698500550e-02,1.070575917128709087e-02,4.265329064510514981e-03,0.000000000000000000e+00,0.000000000000000000e+00,0.000000000000000000e+00,0.000000000000000000e+00,4.930715872338494593e-02,2.945696579961364775e-04,3.983892393729037383e-04,0.000000000000000000e+00,1.017576464032819619e-03,0.000000000000000000e+00,0.000000000000000000e+00,0.000000000000000000e+00,4.677650046806099138e-02,0.000000000000000000e+00,0.000000000000000000e+00,0.000000000000000000e+00,2.561576433072378783e-02,7.144568657413268020e-02,5.897886345295839938e-02,3.704674676570700320e-02,0.000000000000000000e+00,0.000000000000000000e+00,0.000000000000000000e+00,0.000000000000000000e+00,0.000000000000000000e+00,1.615948672890544146e-04,1.451134352744756426e-02,0.000000000000000000e+00,4.492303523898528192e-04,0.000000000000000000e+00,0.000000000000000000e+00,0.000000000000000000e+00,0.000000000000000000e+00,0.000000000000000000e+00,0.000000000000000000e+00,4.747980112203961656e-02,9.823917864292076862e-02,5.749038879976139244e-02,5.390833041392072145e-02,0.000000000000000000e+00,0.000000000000000000e+00,0.000000000000000000e+00,0.000000000000000000e+00,0.000000000000000000e+00,0.000000000000000000e+00,0.000000000000000000e+00,0.000000000000000000e+00,0.000000000000000000e+00,0.000000000000000000e+00,0.000000000000000000e+00,0.000000000000000000e+00,1.294721012373448860e-02,0.000000000000000000e+00,0.000000000000000000e+00,0.000000000000000000e+00,0.000000000000000000e+00,1.316284794452056775e-02,6.554580961347561407e-02,0.000000000000000000e+00,0.000000000000000000e+00,0.000000000000000000e+00,0.000000000000000000e+00,9.609932811998282698e-03,0.000000000000000000e+00,0.000000000000000000e+00,0.000000000000000000e+00,0.000000000000000000e+00,0.000000000000000000e+00,0.000000000000000000e+00,0.000000000000000000e+00,0.000000000000000000e+00,0.000000000000000000e+00,0.000000000000000000e+00,0.000000000000000000e+00,0.000000000000000000e+00,0.000000000000000000e+00,0.000000000000000000e+00,1.335959335008107124e-02,1.566723960607839701e-03,0.000000000000000000e+00,0.000000000000000000e+00,0.000000000000000000e+00,0.000000000000000000e+00,0.000000000000000000e+00,0.000000000000000000e+00,0.000000000000000000e+00,0.000000000000000000e+00,0.000000000000000000e+00,4.076426562685654328e-03,0.000000000000000000e+00,0.000000000000000000e+00,0.000000000000000000e+00,0.000000000000000000e+00,0.000000000000000000e+00,0.000000000000000000e+00,0.000000000000000000e+00,0.000000000000000000e+00,0.000000000000000000e+00,4.931221078850125603e-03,0.000000000000000000e+00,0.000000000000000000e+00,0.000000000000000000e+00,0.000000000000000000e+00,0.000000000000000000e+00,0.000000000000000000e+00,0.000000000000000000e+00,0.000000000000000000e+00,0.000000000000000000e+00,4.931221078850125603e-03,0.000000000000000000e+00,0.000000000000000000e+00,0.000000000000000000e+00,0.000000000000000000e+00,0.000000000000000000e+00,0.000000000000000000e+00,0.000000000000000000e+00,5.130007072969670900e-04,2.665352544815047416e-03,4.931221078850125603e-03,0.000000000000000000e+00,0.000000000000000000e+00,0.000000000000000000e+00,0.000000000000000000e+00,0.000000000000000000e+00,0.000000000000000000e+00,0.000000000000000000e+00,0.000000000000000000e+00,0.000000000000000000e+00,0.000000000000000000e+00,0.000000000000000000e+00,0.000000000000000000e+00,0.000000000000000000e+00,0.000000000000000000e+00,1.894089109843002938e-02,0.000000000000000000e+00,0.000000000000000000e+00,1.744868913152452204e-03,0.000000000000000000e+00,0.000000000000000000e+00,0.000000000000000000e+00,0.000000000000000000e+00,0.000000000000000000e+00,0.000000000000000000e+00,0.000000000000000000e+00,0.000000000000000000e+00,0.000000000000000000e+00,0.000000000000000000e+00,0.000000000000000000e+00,9.123832651839365593e-04,0.000000000000000000e+00,0.000000000000000000e+00,0.000000000000000000e+00,0.000000000000000000e+00,1.760445925149495662e-03,0.000000000000000000e+00,2.095542900828025173e-03,0.000000000000000000e+00,0.000000000000000000e+00,6.281744960922095279e-05,1.269835320534471850e-05,0.000000000000000000e+00,0.000000000000000000e+00,0.000000000000000000e+00,0.000000000000000000e+00,0.000000000000000000e+00,0.000000000000000000e+00,0.000000000000000000e+00,0.000000000000000000e+00,8.857869598769049085e-04,0.000000000000000000e+00,0.000000000000000000e+00,1.659439517519916982e-19,8.907965547150454145e-19,1.760445925149495662e-03,0.000000000000000000e+00,7.149997428602731834e-19,0.000000000000000000e+00,0.000000000000000000e+00,0.000000000000000000e+00,1.744899707963598612e-04,0.000000000000000000e+00,0.000000000000000000e+00,0.000000000000000000e+00,0.000000000000000000e+00,0.000000000000000000e+00,0.000000000000000000e+00,0.000000000000000000e+00,0.000000000000000000e+00,6.585849730482717674e-04,1.303929249274364066e-04,3.835893824478280726e-19,0.000000000000000000e+00,1.049589621000350179e-03,1.288027740855141786e-19,0.000000000000000000e+00,0.000000000000000000e+00,0.000000000000000000e+00,2.945357397792642586e-03,0.000000000000000000e+00,0.000000000000000000e+00,0.000000000000000000e+00,0.000000000000000000e+00,0.000000000000000000e+00,0.000000000000000000e+00,0.000000000000000000e+00,0.000000000000000000e+00,0.000000000000000000e+00,0.000000000000000000e+00,0.000000000000000000e+00,5.825149573399310265e-19,1.037678517108003628e-19,0.000000000000000000e+00,0.000000000000000000e+00,1.037678517108003628e-19,3.151211549628894597e-03,0.000000000000000000e+00,0.000000000000000000e+00,0.000000000000000000e+00,0.000000000000000000e+00,0.000000000000000000e+00,0.000000000000000000e+00,0.000000000000000000e+00,0.000000000000000000e+00,0.000000000000000000e+00,0.000000000000000000e+00,0.000000000000000000e+00,0.000000000000000000e+00,0.000000000000000000e+00
0.000000000000000000e+00,0.000000000000000000e+00,0.000000000000000000e+00,0.000000000000000000e+00,0.000000000000000000e+00,0.000000000000000000e+00,0.000000000000000000e+00,0.000000000000000000e+00,0.000000000000000000e+00,0.000000000000000000e+00,3.245550190750536284e-03,0.000000000000000000e+00,0.000000000000000000e+00,0.000000000000000000e+00,1.152730163019335773e-04,0.000000000000000000e+00,0.000000000000000000e+00,0.000000000000000000e+00,7.489567720429307689e-06,3.998602239934944715e-03,0.000000000000000000e+00,0.000000000000000000e+00,0.000000000000000000e+00,0.000000000000000000e+00,0.000000000000000000e+00,0.000000000000000000e+00,0.000000000000000000e+00,5.130709276892247202e-04,1.396657275059007893e-04,0.000000000000000000e+00,0.000000000000000000e+00,0.000000000000000000e+00,0.000000000000000000e+00,0.000000000000000000e+00,0.000000000000000000e+00,0.000000000000000000e+00,0.000000000000000000e+00,0.000000000000000000e+00,7.489567720429307689e-06,3.099603599429969240e-04,0.000000000000000000e+00,0.000000000000000000e+00,0.000000000000000000e+00,0.000000000000000000e+00,0.000000000000000000e+00,4.113562228322522451e-37,0.000000000000000000e+00,0.000000000000000000e+00,1.977457062998411619e-04,0.000000000000000000e+00,0.000000000000000000e+00,0.000000000000000000e+00,0.000000000000000000e+00,0.000000000000000000e+00,0.000000000000000000e+00,0.000000000000000000e+00,0.000000000000000000e+00,0.000000000000000000e+00,2.742573129035858764e-06,8.926582440088888363e-05,0.000000000000000000e+00,0.000000000000000000e+00,0.000000000000000000e+00,0.000000000000000000e+00,9.736015137800982878e-21,4.969870881402216524e-20,0.000000000000000000e+00,0.000000000000000000e+00,0.000000000000000000e+00,0.000000000000000000e+00,0.000000000000000000e+00,0.000000000000000000e+00,0.000000000000000000e+00,0.000000000000000000e+00,0.000000000000000000e+00,0.000000000000000000e+00,0.000000000000000000e+00,0.000000000000000000e+00,0.000000000000000000e+00,5.413392248382883161e-05,0.000000000000000000e+00,0.000000000000000000e+00,1.295437962811069130e-03,9.069609888854650000e-04,0.000000000000000000e+00,8.671777067693786536e-06,3.957468827832951288e-04,0.000000000000000000e+00,0.000000000000000000e+00,0.000000000000000000e+00,0.000000000000000000e+00,0.000000000000000000e+00,0.000000000000000000e+00,0.000000000000000000e+00,0.000000000000000000e+00,0.000000000000000000e+00,0.000000000000000000e+00,0.000000000000000000e+00,1.290243261677044562e-03,3.621563330993533836e-02,0.000000000000000000e+00,0.000000000000000000e+00,1.293738972776901789e-03,0.000000000000000000e+00,1.187797525845341864e-03,0.000000000000000000e+00,0.000000000000000000e+00,1.620803782180741271e-03,0.000000000000000000e+00,0.000000000000000000e+00,0.000000000000000000e+00,0.000000000000000000e+00,0.000000000000000000e+00,0.000000000000000000e+00,0.000000000000000000e+00,0.000000000000000000e+00,0.000000000000000000e+00,0.000000000000000000e+00,2.548632672623530986e-03,9.998703825462164178e-04,0.000000000000000000e+00,0.000000000000000000e+00,0.000000000000000000e+00,7.717651641508513914e-20,2.598979741038538759e-04,0.000000000000000000e+00,0.000000000000000000e+00,2.796135915395692347e-04,1.564276296347896604e-03,0.000000000000000000e+00,0.000000000000000000e+00,8.095376221225098939e-19,0.000000000000000000e+00,0.000000000000000000e+00,0.000000000000000000e+00,0.000000000000000000e+00,1.038669802942348121e-03,0.000000000000000000e+00,0.000000000000000000e+00,8.295240997887348712e-07,0.000000000000000000e+00,0.000000000000000000e+00,0.000000000000000000e+00,9.043260473641651087e-04,0.000000000000000000e+00,0.000000000000000000e+00,0.000000000000000000e+00,5.923833365193884558e-03,5.744428948833565744e-03,1.686249304620109186e-06,0.000000000000000000e+00,0.000000000000000000e+00,0.000000000000000000e+00,0.000000000000000000e+00,0.000000000000000000e+00,7.661780200610748826e-02,7.382700717650104993e-02,1.597052616638652530e-03,0.000000000000000000e+00,0.000000000000000000e+00,0.000000000000000000e+00,0.000000000000000000e+00,1.076573782365526502e-21,0.000000000000000000e+00,0.000000000000000000e+00,0.000000000000000000e+00,0.000000000000000000e+00,6.653124204347445059e-03,6.307567900153555895e-03,3.345024048857205869e-03,3.686749407857908378e-04,6.688521608028141514e-04,2.794024730541393099e-04,0.000000000000000000e+00,4.390863079119974776e-06,4.390863079119949365e-06,7.043879817626420847e-02,0.000000000000000000e+00,0.000000000000000000e+00,0.000000000000000000e+00,0.000000000000000000e+00,0.000000000000000000e+00,0.000000000000000000e+00,0.000000000000000000e+00,6.682357209722999958e-02,0.000000000000000000e+00,0.000000000000000000e+00,0.000000000000000000e+00,1.434329904079794781e-03,6.016468912876341696e-02,4.214140165838026891e-02,5.385706494899579477e-02,6.726907584521576175e-04,0.000000000000000000e+00,4.390863079119949365e-06,4.390863079119949365e-06,0.000000000000000000e+00,0.000000000000000000e+00,0.000000000000000000e+00,0.000000000000000000e+00,6.417576462712183596e-04,0.000000000000000000e+00,0.000000000000000000e+00,0.000000000000000000e+00,0.000000000000000000e+00,0.000000000000000000e+00,0.000000000000000000e+00,6.782828731719944826e-02,9.669560484101960562e-02,5.854697254940983975e-02,5.292392395101000457e-02,0.000000000000000000e+00,0.000000000000000000e+00,0.000000000000000000e+00,0.000000000000000000e+00,4.390863079119949365e-06,0.000000000000000000e+00,0.000000000000000000e+00,0.000000000000000000e+00,0.000000000000000000e+00,0.000000000000000000e+00,0.000000000000000000e+00,0.000000000000000000e+00,1.849601446247784234e-02,0.000000000000000000e+00,0.000000000000000000e+00,0.000000000000000000e+00,0.000000000000000000e+00,0.000000000000000000e+00,7.310230497524114468e-02,8.226181208374939860e-04,1.037740062039110823e-05,2.853722223960739633e-06,2.820127181300376656e-06,1.372847544571183243e-02,0.000000000000000000e+00,0.000000000000000000e+00,0.000000000000000000e+00,0.000000000000000000e+00,0.000000000000000000e+00,0.000000000000000000e+00,0.000000000000000000e+00,0.000000000000000000e+00,0.000000000000000000e+00,0.000000000000000000e+00,0.000000000000000000e+00,0.000000000000000000e+00,0.000000000000000000e+00,0.000000000000000000e+00,2.260664090030433098e-03,1.699417486781523235e-03,0.000000000000000000e+00,0.000000000000000000e+00,0.000000000000000000e+00,0.000000000000000000e+00,0.000000000000000000e+00,0.000000000000000000e+00,0.000000000000000000e+00,0.000000000000000000e+00,0.000000000000000000e+00,5.328066581135644172e-03,0.000000000000000000e+00,0.000000000000000000e+00,0.000000000000000000e+00,0.000000000000000000e+00,0.000000000000000000e+00,0.000000000000000000e+00,0.000000000000000000e+00,0.000000000000000000e+00,1.110984840438972946e-03,9.005895292954679485e-03,4.390863079119974776e-06,4.390863079119949365e-06,0.000000000000000000e+00,0.000000000000000000e+00,0.000000000000000000e+00,0.000000000000000000e+00,0.000000000000000000e+00,0.000000000000000000e+00,0.000000000000000000e+00,7.172225487859605966e-03,0.000000000000000000e+00,0.000000000000000000e+00,0.000000000000000000e+00,0.000000000000000000e+00,0.000000000000000000e+00,0.000000000000000000e+00,0.000000000000000000e+00,0.000000000000000000e+00,1.390206806821326930e-03,7.044601541214464899e-03,4.488505766584654859e-04,0.000000000000000000e+00,0.000000000000000000e+00,0.000000000000000000e+00,0.000000000000000000e+00,0.000000000000000000e+00,0.000000000000000000e+00,0.000000000000000000e+00,0.000000000000000000e+00,0.000000000000000000e+00,0.000000000000000000e+00,0.000000000000000000e+00,0.000000000000000000e+00,0.000000000000000000e+00,0.000000000000000000e+00,0.000000000000000000e+00,0.000000000000000000e+00,0.000000000000000000e+00,0.000000000000000000e+00,6.600182652247991868e-06,0.000000000000000000e+00,0.000000000000000000e+00,0.000000000000000000e+00,0.000000000000000000e+00,0.000000000000000000e+00,0.000000000000000000e+00,0.000000000000000000e+00,0.000000000000000000e+00,0.000000000000000000e+00,0.000000000000000000e+00,0.000000000000000000e+00,0.000000000000000000e+00,0.000000000000000000e+00,0.000000000000000000e+00,2.514922750213565046e-03,0.000000000000000000e+00,2.260774562187224841e-03,0.000000000000000000e+00,0.000000000000000000e+00,8.544100668232260977e-04,7.345396435758747651e-07,7.489567720429307689e-06,7.489567720429307689e-06,0.000000000000000000e+00,0.000000000000000000e+00,0.000000000000000000e+00,0.000000000000000000e+00,0.000000000000000000e+00,0.000000000000000000e+00,3.886410186980858395e-04,0.000000000000000000e+00,3.420513790795032700e-06,2.370627882171310112e-19,1.272566506735779411e-18,2.514922750213565046e-03,1.059303956011143437e-05,1.021428204086104465e-18,0.000000000000000000e+00,8.436008439785755712e-05,9.152776586003258789e-06,7.489567720429307689e-06,0.000000000000000000e+00,0.000000000000000000e+00,0.000000000000000000e+00,0.000000000000000000e+00,0.000000000000000000e+00,0.000000000000000000e+00,0.000000000000000000e+00,0.000000000000000000e+00,7.489567720429307689e-06,4.152497077259393060e-19,7.489567720430039525e-06,0.000000000000000000e+00,1.499413744286214696e-03,1.121705012914853101e-05,1.129528404875967318e-05,0.000000000000000000e+00,7.489567720429307689e-06,3.370260956350770417e-04,0.000000000000000000e+00,0.000000000000000000e+00,0.000000000000000000e+00,0.000000000000000000e+00,0.000000000000000000e+00,0.000000000000000000e+00,0.000000000000000000e+00,0.000000000000000000e+00,0.000000000000000000e+00,0.000000000000000000e+00,3.376836427109207515e-04,8.321642247713301066e-19,1.482397881582862429e-19,0.000000000000000000e+00,3.294071829543220111e-21,1.482397881582862429e-19,2.811197413148126801e-04,0.000000000000000000e+00,0.000000000000000000e+00,0.000000000000000000e+00,0.000000000000000000e+00,0.000000000000000000e+00,0.000000000000000000e+00,0.000000000000000000e+00,0.000000000000000000e+00,0.000000000000000000e+00,0.000000000000000000e+00,0.000000000000000000e+00,0.000000000000000000e+00,0.000000000000000000e+00
0.000000000000000000e+00,0.000000000000000000e+00,0.000000000000000000e+00,0.000000000000000000e+00,0.000000000000000000e+00,0.000000000000000000e+00,0.000000000000000000e+00,0.000000000000000000e+00,0.000000000000000000e+00,0.000000000000000000e+00,1.947330114450321770e-03,0.000000000000000000e+00,0.000000000000000000e+00,0.000000000000000000e+00,1.037457146717402209e-03,0.000000000000000000e+00,0.000000000000000000e+00,0.000000000000000000e+00,6.740610948386377259e-05,2.941920908407010850e-03,0.000000000000000000e+00,0.000000000000000000e+00,0.000000000000000000e+00,0.000000000000000000e+00,0.000000000000000000e+00,0.000000000000000000e+00,0.000000000000000000e+00,4.617638349203022699e-03,1.256991547553107076e-03,0.000000000000000000e+00,0.000000000000000000e+00,0.000000000000000000e+00,0.000000000000000000e+00,0.000000000000000000e+00,0.000000000000000000e+00,0.000000000000000000e+00,0.000000000000000000e+00,0.000000000000000000e+00,6.740610948386377259e-05,2.789643239486972424e-03,0.000000000000000000e+00,0.000000000000000000e+00,0.000000000000000000e+00,0.000000000000000000e+00,0.000000000000000000e+00,3.702206005490270457e-36,0.000000000000000000e+00,0.000000000000000000e+00,1.779711356698570430e-03,0.000000000000000000e+00,0.000000000000000000e+00,0.000000000000000000e+00,0.000000000000000000e+00,0.000000000000000000e+00,0.000000000000000000e+00,0.000000000000000000e+00,0.000000000000000000e+00,0.000000000000000000e+00,2.468315816132273015e-05,8.033924196079999256e-04,0.000000000000000000e+00,0.000000000000000000e+00,0.000000000000000000e+00,0.000000000000000000e+00,8.762413624020884439e-20,4.472883793261994992e-19,0.000000000000000000e+00,0.000000000000000000e+00,0.000000000000000000e+00,0.000000000000000000e+00,0.000000000000000000e+00,0.000000000000000000e+00,0.000000000000000000e+00,0.000000000000000000e+00,0.000000000000000000e+00,0.000000000000000000e+00,0.000000000000000000e+00,0.000000000000000000e+00,0.000000000000000000e+00,4.872053023544594980e-04,0.000000000000000000e+00,0.000000000000000000e+00,8.208982672124479421e-04,5.441765933312790217e-04,0.000000000000000000e+00,7.804599360924407883e-05,3.561721945049656050e-03,0.000000000000000000e+00,0.000000000000000000e+00,0.000000000000000000e+00,0.000000000000000000e+00,0.000000000000000000e+00,0.000000000000000000e+00,0.000000000000000000e+00,0.000000000000000000e+00,0.000000000000000000e+00,0.000000000000000000e+00,0.000000000000000000e+00,7.741459570062267153e-04,2.258613199614849590e-02,0.000000000000000000e+00,0.000000000000000000e+00,8.056073569049411074e-04,0.000000000000000000e+00,1.069017773260807699e-02,0.000000000000000000e+00,0.000000000000000000e+00,1.458723403962667101e-02,0.000000000000000000e+00,0.000000000000000000e+00,0.000000000000000000e+00,0.000000000000000000e+00,0.000000000000000000e+00,0.000000000000000000e+00,0.000000000000000000e+00,0.000000000000000000e+00,0.000000000000000000e+00,0.000000000000000000e+00,1.209965065552460160e-02,3.936076987870137413e-03,0.000000000000000000e+00,0.000000000000000000e+00,0.000000000000000000e+00,6.945886477357662282e-19,2.339081766934684829e-03,0.000000000000000000e+00,0.000000000000000000e+00,2.516522323856123112e-03,1.407848666713107030e-02,0.000000000000000000e+00,0.000000000000000000e+00,4.857225732735059364e-19,0.000000000000000000e+00,0.000000000000000000e+00,0.000000000000000000e+00,0.000000000000000000e+00,9.348028226481133740e-03,0.000000000000000000e+00,0.000000000000000000e+00,7.465716898098613735e-06,0.000000000000000000e+00,0.000000000000000000e+00,0.000000000000000000e+00,8.138934426277485978e-03,0.000000000000000000e+00,0.000000000000000000e+00,0.000000000000000000e+00,1.173298408261354113e-02,1.011834433537067181e-02,1.517624374158098225e-05,0.000000000000000000e+00,0.000000000000000000e+00,0.000000000000000000e+00,0.000000000000000000e+00,0.000000000000000000e+00,4.597068120366449434e-02,5.062633875806880207e-02,9.582315699831914311e-04,0.000000000000000000e+00,0.000000000000000000e+00,0.000000000000000000e+00,0.000000000000000000e+00,9.689164041289739274e-21,0.000000000000000000e+00,0.000000000000000000e+00,0.000000000000000000e+00,0.000000000000000000e+00,1.829660163499558304e-02,1.518659489725058057e-02,2.629144685029475778e-03,2.212049644714744918e-04,6.019669447225327145e-03,2.514622257487253952e-03,0.000000000000000000e+00,3.951776771207977468e-05,3.951776771207954429e-05,4.226327890575852508e-02,0.000000000000000000e+00,0.000000000000000000e+00,0.000000000000000000e+00,0.000000000000000000e+00,0.000000000000000000e+00,0.000000000000000000e+00,0.000000000000000000e+00,4.009414325833799558e-02,0.000000000000000000e+00,0.000000000000000000e+00,0.000000000000000000e+00,1.290896913671815346e-02,7.579588986859281396e-02,5.534914885172925736e-02,4.015262335247809372e-02,6.054216826069418883e-03,0.000000000000000000e+00,3.951776771207954429e-05,3.951776771207954429e-05,0.000000000000000000e+00,0.000000000000000000e+00,0.000000000000000000e+00,0.000000000000000000e+00,3.850545877627310808e-04,0.000000000000000000e+00,0.000000000000000000e+00,0.000000000000000000e+00,0.000000000000000000e+00,0.000000000000000000e+00,0.000000000000000000e+00,4.069697239031967034e-02,7.827011616896661916e-02,6.123644065441062601e-02,3.175435437060600274e-02,0.000000000000000000e+00,0.000000000000000000e+00,0.000000000000000000e+00,0.000000000000000000e+00,3.951776771207954429e-05,0.000000000000000000e+00,0.000000000000000000e+00,0.000000000000000000e+00,0.000000000000000000e+00,0.000000000000000000e+00,0.000000000000000000e+00,0.000000000000000000e+00,1.109760867748670402e-02,0.000000000000000000e+00,0.000000000000000000e+00,0.000000000000000000e+00,0.000000000000000000e+00,0.000000000000000000e+00,6.281407809153571886e-02,7.403563087537446200e-03,9.339660558351997404e-05,2.568350001564665585e-05,2.538114463170338948e-05,8.237085267427099455e-03,0.000000000000000000e+00,0.000000000000000000e+00,0.000000000000000000e+00,0.000000000000000000e+00,0.000000000000000000e+00,0.000000000000000000e+00,0.000000000000000000e+00,0.000000000000000000e+00,0.000000000000000000e+00,0.000000000000000000e+00,0.000000000000000000e+00,0.000000000000000000e+00,0.000000000000000000e+00,0.000000000000000000e+00,2.034597681027389832e-02,1.529475738103370890e-02,0.000000000000000000e+00,0.000000000000000000e+00,0.000000000000000000e+00,0.000000000000000000e+00,0.000000000000000000e+00,0.000000000000000000e+00,0.000000000000000000e+00,0.000000000000000000e+00,0.000000000000000000e+00,3.196839948681385983e-03,0.000000000000000000e+00,0.000000000000000000e+00,0.000000000000000000e+00,0.000000000000000000e+00,0.000000000000000000e+00,0.000000000000000000e+00,0.000000000000000000e+00,0.000000000000000000e+00,9.998863563950756081e-03,2.187840469039060640e-02,3.951776771207977468e-05,3.951776771207954429e-05,0.000000000000000000e+00,0.000000000000000000e+00,0.000000000000000000e+00,0.000000000000000000e+00,0.000000000000000000e+00,0.000000000000000000e+00,0.000000000000000000e+00,5.375376444534942996e-03,0.000000000000000000e+00,0.000000000000000000e+00,0.000000000000000000e+00,0.000000000000000000e+00,0.000000000000000000e+00,0.000000000000000000e+00,0.000000000000000000e+00,0.000000000000000000e+00,5.484326738469063114e-03,4.226760924728679460e-03,4.039655189926188994e-03,0.000000000000000000e+00,0.000000000000000000e+00,0.000000000000000000e+00,0.000000000000000000e+00,0.000000000000000000e+00,0.000000000000000000e+00,0.000000000000000000e+00,0.000000000000000000e+00,0.000000000000000000e+00,0.000000000000000000e+00,0.000000000000000000e+00,0.000000000000000000e+00,0.000000000000000000e+00,0.000000000000000000e+00,0.000000000000000000e+00,0.000000000000000000e+00,0.000000000000000000e+00,0.000000000000000000e+00,5.940164387023192765e-05,0.000000000000000000e+00,0.000000000000000000e+00,0.000000000000000000e+00,0.000000000000000000e+00,0.000000000000000000e+00,0.000000000000000000e+00,0.000000000000000000e+00,0.000000000000000000e+00,0.000000000000000000e+00,0.000000000000000000e+00,0.000000000000000000e+00,0.000000000000000000e+00,0.000000000000000000e+00,0.000000000000000000e+00,1.508953650128138767e-03,0.000000000000000000e+00,1.356464737312334818e-03,0.000000000000000000e+00,0.000000000000000000e+00,7.689690601409034446e-03,6.610856792182873204e-06,6.740610948386377259e-05,6.740610948386377259e-05,0.000000000000000000e+00,0.000000000000000000e+00,0.000000000000000000e+00,0.000000000000000000e+00,0.000000000000000000e+00,0.000000000000000000e+00,3.497769168282772664e-03,0.000000000000000000e+00,3.078462411715529091e-05,1.422376729302786019e-19,7.635399040414676082e-19,1.508953650128138767e-03,9.533735604100291271e-05,6.128569224516627561e-19,0.000000000000000000e+00,7.592407595807179870e-04,8.237498927402933419e-05,6.740610948386377259e-05,0.000000000000000000e+00,0.000000000000000000e+00,0.000000000000000000e+00,0.000000000000000000e+00,0.000000000000000000e+00,0.000000000000000000e+00,0.000000000000000000e+00,0.000000000000000000e+00,6.740610948386377259e-05,2.491498246355635836e-19,6.740610948386575125e-05,0.000000000000000000e+00,8.996482465717288175e-04,1.009534511623352273e-04,1.016575564388370569e-04,0.000000000000000000e+00,6.740610948386377259e-05,3.033234860715693267e-03,0.000000000000000000e+00,0.000000000000000000e+00,0.000000000000000000e+00,0.000000000000000000e+00,0.000000000000000000e+00,0.000000000000000000e+00,0.000000000000000000e+00,0.000000000000000000e+00,0.000000000000000000e+00,0.000000000000000000e+00,3.039152784398286601e-03,4.992985348627980640e-19,8.894387289497174814e-20,0.000000000000000000e+00,2.964664646588897987e-20,8.894387289497174814e-20,2.530077671833314175e-03,0.000000000000000000e+00,0.000000000000000000e+00,0.000000000000000000e+00,0.000000000000000000e+00,0.000000000000000000e+00,0.000000000000000000e+00,0.000000000000000000e+00,0.000000000000000000e+00,0.000000000000000000e+00,0.000000000000000000e+00,0.000000000000000000e+00,0.000000000000000000e+00,0.000000000000000000e+00
0.000000000000000000e+00,0.000000000000000000e+00,0.000000000000000000e+00,0.000000000000000000e+00,0.000000000000000000e+00,0.000000000000000000e+00,0.000000000000000000e+00,0.000000000000000000e+00,0.000000000000000000e+00,0.000000000000000000e+00,6.491100381501072568e-04,0.000000000000000000e+00,0.000000000000000000e+00,0.000000000000000000e+00,1.959641277132870719e-03,0.000000000000000000e+00,0.000000000000000000e+00,0.000000000000000000e+00,1.273226512472982205e-04,1.885239576879076551e-03,0.000000000000000000e+00,0.000000000000000000e+00,0.000000000000000000e+00,0.000000000000000000e+00,0.000000000000000000e+00,0.000000000000000000e+00,0.000000000000000000e+00,8.722205770716820461e-03,2.374317367600313391e-03,0.000000000000000000e+00,0.000000000000000000e+00,0.000000000000000000e+00,0.000000000000000000e+00,0.000000000000000000e+00,0.000000000000000000e+00,0.000000000000000000e+00,0.000000000000000000e+00,0.000000000000000000e+00,1.273226512472982205e-04,5.269326119030947816e-03,0.000000000000000000e+00,0.000000000000000000e+00,0.000000000000000000e+00,0.000000000000000000e+00,0.000000000000000000e+00,6.993055788148287750e-36,0.000000000000000000e+00,0.000000000000000000e+00,3.361677007097299726e-03,0.000000000000000000e+00,0.000000000000000000e+00,0.000000000000000000e+00,0.000000000000000000e+00,0.000000000000000000e+00,0.000000000000000000e+00,0.000000000000000000e+00,0.000000000000000000e+00,0.000000000000000000e+00,4.662374319360959688e-05,1.517519014815111103e-03,0.000000000000000000e+00,0.000000000000000000e+00,0.000000000000000000e+00,0.000000000000000000e+00,1.655122573426167195e-19,8.448780498383768211e-19,0.000000000000000000e+00,0.000000000000000000e+00,0.000000000000000000e+00,0.000000000000000000e+00,0.000000000000000000e+00,0.000000000000000000e+00,0.000000000000000000e+00,0.000000000000000000e+00,0.000000000000000000e+00,0.000000000000000000e+00,0.000000000000000000e+00,0.000000000000000000e+00,0.000000000000000000e+00,9.202766822250901509e-04,0.000000000000000000e+00,0.000000000000000000e+00,3.463585716138267538e-04,1.813921977770929349e-04,0.000000000000000000e+00,1.474202101507943847e-04,6.727697007316017080e-03,0.000000000000000000e+00,0.000000000000000000e+00,0.000000000000000000e+00,0.000000000000000000e+00,0.000000000000000000e+00,0.000000000000000000e+00,0.000000000000000000e+00,0.000000000000000000e+00,0.000000000000000000e+00,0.000000000000000000e+00,0.000000000000000000e+00,2.580486523354088690e-04,8.956630682361656909e-03,0.000000000000000000e+00,0.000000000000000000e+00,3.174757410329804262e-04,0.000000000000000000e+00,2.019255793937081017e-02,0.000000000000000000e+00,0.000000000000000000e+00,2.755366429707260117e-02,0.000000000000000000e+00,0.000000000000000000e+00,0.000000000000000000e+00,0.000000000000000000e+00,0.000000000000000000e+00,0.000000000000000000e+00,0.000000000000000000e+00,0.000000000000000000e+00,0.000000000000000000e+00,0.000000000000000000e+00,2.165066863842566788e-02,6.872283593194058841e-03,0.000000000000000000e+00,0.000000000000000000e+00,0.000000000000000000e+00,1.312000779056447341e-18,4.418265559765516270e-03,0.000000000000000000e+00,0.000000000000000000e+00,4.753431056172676555e-03,2.659269703791424314e-02,0.000000000000000000e+00,0.000000000000000000e+00,1.619075244245019788e-19,0.000000000000000000e+00,0.000000000000000000e+00,0.000000000000000000e+00,0.000000000000000000e+00,1.765738665001991697e-02,0.000000000000000000e+00,0.000000000000000000e+00,1.410190969640849270e-05,0.000000000000000000e+00,0.000000000000000000e+00,0.000000000000000000e+00,1.537354280519080685e-02,0.000000000000000000e+00,0.000000000000000000e+00,0.000000000000000000e+00,1.754213480003319683e-02,1.449225972190777700e-02,2.866623817854185743e-05,0.000000000000000000e+00,0.000000000000000000e+00,0.000000000000000000e+00,0.000000000000000000e+00,0.000000000000000000e+00,1.532356040122150043e-02,2.742567033963654727e-02,3.194105233277305493e-04,0.000000000000000000e+00,0.000000000000000000e+00,0.000000000000000000e+00,0.000000000000000000e+00,1.830175430021395129e-20,0.000000000000000000e+00,0.000000000000000000e+00,0.000000000000000000e+00,0.000000000000000000e+00,2.994007906564372101e-02,2.406562189434760524e-02,1.913265321201745254e-03,7.373498815715820009e-05,1.137048673364784122e-02,4.749842041920367998e-03,0.000000000000000000e+00,7.464467234503957289e-05,7.464467234503913921e-05,1.408775963525284169e-02,0.000000000000000000e+00,0.000000000000000000e+00,0.000000000000000000e+00,0.000000000000000000e+00,0.000000000000000000e+00,0.000000000000000000e+00,0.000000000000000000e+00,1.336471441944599853e-02,0.000000000000000000e+00,0.000000000000000000e+00,0.000000000000000000e+00,2.438360836935651171e-02,9.142709060842220403e-02,6.855689604507825274e-02,2.644818175596039267e-02,1.143574289368667896e-02,0.000000000000000000e+00,7.464467234503913921e-05,7.464467234503913921e-05,0.000000000000000000e+00,0.000000000000000000e+00,0.000000000000000000e+00,0.000000000000000000e+00,1.283515292542436936e-04,0.000000000000000000e+00,0.000000000000000000e+00,0.000000000000000000e+00,0.000000000000000000e+00,0.000000000000000000e+00,0.000000000000000000e+00,1.356565746343989243e-02,5.984462749691363270e-02,6.392590875941141226e-02,1.058478479020200091e-02,0.000000000000000000e+00,0.000000000000000000e+00,0.000000000000000000e+00,0.000000000000000000e+00,7.464467234503913921e-05,0.000000000000000000e+00,0.000000000000000000e+00,0.000000000000000000e+00,0.000000000000000000e+00,0.000000000000000000e+00,0.000000000000000000e+00,0.000000000000000000e+00,3.699202892495569162e-03,0.000000000000000000e+00,0.000000000000000000e+00,0.000000000000000000e+00,0.000000000000000000e+00,0.000000000000000000e+00,5.252585120783029304e-02,1.398450805423739722e-02,1.764158105466488399e-04,4.851327780733257291e-05,4.794216208210640612e-05,2.745695089142366485e-03,0.000000000000000000e+00,0.000000000000000000e+00,0.000000000000000000e+00,0.000000000000000000e+00,0.000000000000000000e+00,0.000000000000000000e+00,0.000000000000000000e+00,0.000000000000000000e+00,0.000000000000000000e+00,0.000000000000000000e+00,0.000000000000000000e+00,0.000000000000000000e+00,0.000000000000000000e+00,0.000000000000000000e+00,3.843128953051735963e-02,2.889009727528589477e-02,0.000000000000000000e+00,0.000000000000000000e+00,0.000000000000000000e+00,0.000000000000000000e+00,0.000000000000000000e+00,0.000000000000000000e+00,0.000000000000000000e+00,0.000000000000000000e+00,0.000000000000000000e+00,1.065613316227128661e-03,0.000000000000000000e+00,0.000000000000000000e+00,0.000000000000000000e+00,0.000000000000000000e+00,0.000000000000000000e+00,0.000000000000000000e+00,0.000000000000000000e+00,0.000000000000000000e+00,1.888674228746254138e-02,3.475091408782653851e-02,7.464467234503957289e-05,7.464467234503913921e-05,0.000000000000000000e+00,0.000000000000000000e+00,0.000000000000000000e+00,0.000000000000000000e+00,0.000000000000000000e+00,0.000000000000000000e+00,0.000000000000000000e+00,3.578527401210281327e-03,0.000000000000000000e+00,0.000000000000000000e+00,0.000000000000000000e+00,0.000000000000000000e+00,0.000000000000000000e+00,0.000000000000000000e+00,0.000000000000000000e+00,0.000000000000000000e+00,9.578446670116797998e-03,1.408920308242893153e-03,7.630459803193913315e-03,0.000000000000000000e+00,0.000000000000000000e+00,0.000000000000000000e+00,0.000000000000000000e+00,0.000000000000000000e+00,0.000000000000000000e+00,0.000000000000000000e+00,0.000000000000000000e+00,0.000000000000000000e+00,0.000000000000000000e+00,0.000000000000000000e+00,0.000000000000000000e+00,0.000000000000000000e+00,0.000000000000000000e+00,0.000000000000000000e+00,0.000000000000000000e+00,0.000000000000000000e+00,0.000000000000000000e+00,1.122031050882158626e-04,0.000000000000000000e+00,0.000000000000000000e+00,0.000000000000000000e+00,0.000000000000000000e+00,0.000000000000000000e+00,0.000000000000000000e+00,0.000000000000000000e+00,0.000000000000000000e+00,0.000000000000000000e+00,0.000000000000000000e+00,0.000000000000000000e+00,0.000000000000000000e+00,0.000000000000000000e+00,0.000000000000000000e+00,5.029845500427129225e-04,0.000000000000000000e+00,4.521549124374450116e-04,0.000000000000000000e+00,0.000000000000000000e+00,1.452497113599484323e-02,1.248717394078987132e-05,1.273226512472982205e-04,1.273226512472982205e-04,0.000000000000000000e+00,0.000000000000000000e+00,0.000000000000000000e+00,0.000000000000000000e+00,0.000000000000000000e+00,0.000000000000000000e+00,6.606897317867459381e-03,0.000000000000000000e+00,5.814873444351555251e-05,4.741255764342619261e-20,2.545133013471559978e-19,5.029845500427129225e-04,1.800816725218943877e-04,2.042856408172208545e-19,0.000000000000000000e+00,1.434121434763578444e-03,1.555972019620553909e-04,1.273226512472982205e-04,0.000000000000000000e+00,0.000000000000000000e+00,0.000000000000000000e+00,0.000000000000000000e+00,0.000000000000000000e+00,0.000000000000000000e+00,0.000000000000000000e+00,0.000000000000000000e+00,1.273226512472982205e-04,8.304994154518786120e-20,1.273226512473014731e-04,0.000000000000000000e+00,2.998827488572429392e-04,1.906898521955219304e-04,1.920198288289144423e-04,0.000000000000000000e+00,1.273226512472982205e-04,5.729443625796309600e-03,0.000000000000000000e+00,0.000000000000000000e+00,0.000000000000000000e+00,0.000000000000000000e+00,0.000000000000000000e+00,0.000000000000000000e+00,0.000000000000000000e+00,0.000000000000000000e+00,0.000000000000000000e+00,0.000000000000000000e+00,5.740621926085653047e-03,1.664328449542660213e-19,2.964795763165725339e-20,0.000000000000000000e+00,5.599922110223474377e-20,2.964795763165725339e-20,4.779035602351815182e-03,0.000000000000000000e+00,0.000000000000000000e+00,0.000000000000000000e+00,0.000000000000000000e+00,0.000000000000000000e+00,0.000000000000000000e+00,0.000000000000000000e+00,0.000000000000000000e+00,0.000000000000000000e+00,0.000000000000000000e+00,0.000000000000000000e+00,0.000000000000000000e+00,0.000000000000000000e+00
0.000000000000000000e+00,0.000000000000000000e+00,0.000000000000000000e+00,0.000000000000000000e+00,0.000000000000000000e+00,0.000000000000000000e+00,0.000000000000000000e+00,0.000000000000000000e+00,0.000000000000000000e+00,2.331070719685386129e-03,0.000000000000000000e+00,0.000000000000000000e+00,0.000000000000000000e+00,0.000000000000000000e+00,1.959641277132870719e-03,0.000000000000000000e+00,3.277082774313508015e-04,0.000000000000000000e+00,1.273226512472982476e-04,1.098441975664612600e-03,0.000000000000000000e+00,0.000000000000000000e+00,0.000000000000000000e+00,0.000000000000000000e+00,0.000000000000000000e+00,0.000000000000000000e+00,0.000000000000000000e+00,8.722205770716820461e-03,2.374317367600313391e-03,0.000000000000000000e+00,0.000000000000000000e+00,0.000000000000000000e+00,0.000000000000000000e+00,0.000000000000000000e+00,0.000000000000000000e+00,0.000000000000000000e+00,0.000000000000000000e+00,0.000000000000000000e+00,1.273226512472982476e-04,5.269326119030947816e-03,0.000000000000000000e+00,0.000000000000000000e+00,0.000000000000000000e+00,0.000000000000000000e+00,1.205766517546096553e-19,6.993055788148289086e-36,0.000000000000000000e+00,0.000000000000000000e+00,3.361677007097299726e-03,0.000000000000000000e+00,0.000000000000000000e+00,0.000000000000000000e+00,0.000000000000000000e+00,0.000000000000000000e+00,0.000000000000000000e+00,0.000000000000000000e+00,0.000000000000000000e+00,0.000000000000000000e+00,4.662374319360960365e-05,1.517519014815111103e-03,0.000000000000000000e+00,0.000000000000000000e+00,0.000000000000000000e+00,0.000000000000000000e+00,1.655122573426167195e-19,8.448780498383767248e-19,0.000000000000000000e+00,0.000000000000000000e+00,0.000000000000000000e+00,0.000000000000000000e+00,0.000000000000000000e+00,2.857529072822895862e-03,5.310603298058550186e-19,0.000000000000000000e+00,0.000000000000000000e+00,0.000000000000000000e+00,0.000000000000000000e+00,0.000000000000000000e+00,0.000000000000000000e+00,9.202766822250900425e-04,0.000000000000000000e+00,0.000000000000000000e+00,8.830991927841778998e-05,2.661029814213500868e-20,0.000000000000000000e+00,1.474202101507943576e-04,6.727697007316017080e-03,0.000000000000000000e+00,0.000000000000000000e+00,0.000000000000000000e+00,0.000000000000000000e+00,2.000116752995423092e-03,0.000000000000000000e+00,2.626943781972943519e-35,0.000000000000000000e+00,0.000000000000000000e+00,0.000000000000000000e+00,0.000000000000000000e+00,0.000000000000000000e+00,1.479966137961965383e-02,0.000000000000000000e+00,0.000000000000000000e+00,5.942708869757165212e-05,0.000000000000000000e+00,2.019255793937081017e-02,0.000000000000000000e+00,0.000000000000000000e+00,2.755366429707260117e-02,0.000000000000000000e+00,0.000000000000000000e+00,0.000000000000000000e+00,0.000000000000000000e+00,0.000000000000000000e+00,0.000000000000000000e+00,0.000000000000000000e+00,0.000000000000000000e+00,0.000000000000000000e+00,0.000000000000000000e+00,2.139261998609025967e-02,6.751741772835825189e-03,0.000000000000000000e+00,0.000000000000000000e+00,0.000000000000000000e+00,1.312000779056447341e-18,4.418265559765516270e-03,0.000000000000000000e+00,0.000000000000000000e+00,4.753431056172676555e-03,2.659269703791424314e-02,0.000000000000000000e+00,2.857529072822895862e-03,2.857529072822895862e-03,0.000000000000000000e+00,0.000000000000000000e+00,0.000000000000000000e+00,1.178142959117056687e-03,1.765738665001992044e-02,0.000000000000000000e+00,0.000000000000000000e+00,1.410190969640849270e-05,0.000000000000000000e+00,0.000000000000000000e+00,0.000000000000000000e+00,1.537354280519080685e-02,0.000000000000000000e+00,0.000000000000000000e+00,0.000000000000000000e+00,1.655209869993483005e-02,1.491890466728813813e-02,2.886195311001437964e-03,0.000000000000000000e+00,0.000000000000000000e+00,0.000000000000000000e+00,0.000000000000000000e+00,1.022351660904723646e-03,5.307048377687002307e-04,1.281098639129272035e-02,0.000000000000000000e+00,0.000000000000000000e+00,0.000000000000000000e+00,0.000000000000000000e+00,0.000000000000000000e+00,1.830175430021395129e-20,0.000000000000000000e+00,0.000000000000000000e+00,0.000000000000000000e+00,0.000000000000000000e+00,2.895004296554535422e-02,3.628134943435017135e-02,1.259073136566379175e-03,0.000000000000000000e+00,1.137048673364783949e-02,4.749842041920368865e-03,0.000000000000000000e+00,7.464467234503957289e-05,7.464467234503913921e-05,0.000000000000000000e+00,0.000000000000000000e+00,0.000000000000000000e+00,0.000000000000000000e+00,3.363905017242847274e-04,0.000000000000000000e+00,0.000000000000000000e+00,0.000000000000000000e+00,0.000000000000000000e+00,0.000000000000000000e+00,0.000000000000000000e+00,1.438390659921798959e-02,4.383133599385757861e-02,8.033932126817749930e-02,6.084443256713317760e-02,1.586339696575839869e-02,1.143574289368668069e-02,0.000000000000000000e+00,7.464467234503913921e-05,7.464467234503913921e-05,0.000000000000000000e+00,0.000000000000000000e+00,0.000000000000000000e+00,0.000000000000000000e+00,0.000000000000000000e+00,0.000000000000000000e+00,0.000000000000000000e+00,0.000000000000000000e+00,0.000000000000000000e+00,0.000000000000000000e+00,0.000000000000000000e+00,8.249562345941282779e-03,6.583818898897123018e-02,5.677420087155503337e-02,3.544608517082905013e-03,0.000000000000000000e+00,0.000000000000000000e+00,0.000000000000000000e+00,0.000000000000000000e+00,7.464467234503913921e-05,0.000000000000000000e+00,0.000000000000000000e+00,0.000000000000000000e+00,0.000000000000000000e+00,0.000000000000000000e+00,0.000000000000000000e+00,0.000000000000000000e+00,0.000000000000000000e+00,2.802708339206797742e-03,0.000000000000000000e+00,0.000000000000000000e+00,0.000000000000000000e+00,2.477689675155086285e-03,4.789429265383059880e-02,2.352215584989567065e-02,1.764158105466488399e-04,4.851327780733257291e-05,4.794216208210640612e-05,0.000000000000000000e+00,0.000000000000000000e+00,1.714545733231558793e-04,0.000000000000000000e+00,0.000000000000000000e+00,0.000000000000000000e+00,0.000000000000000000e+00,0.000000000000000000e+00,0.000000000000000000e+00,1.415179060486498755e-03,0.000000000000000000e+00,0.000000000000000000e+00,0.000000000000000000e+00,0.000000000000000000e+00,0.000000000000000000e+00,5.851548902401981778e-02,3.562503673173737090e-02,0.000000000000000000e+00,0.000000000000000000e+00,0.000000000000000000e+00,0.000000000000000000e+00,0.000000000000000000e+00,0.000000000000000000e+00,0.000000000000000000e+00,0.000000000000000000e+00,0.000000000000000000e+00,3.244074512973611074e-03,0.000000000000000000e+00,0.000000000000000000e+00,0.000000000000000000e+00,0.000000000000000000e+00,0.000000000000000000e+00,0.000000000000000000e+00,0.000000000000000000e+00,0.000000000000000000e+00,3.404849402761148808e-02,3.334199377958364102e-02,7.464467234503957289e-05,7.464467234503913921e-05,0.000000000000000000e+00,0.000000000000000000e+00,0.000000000000000000e+00,5.087661850666453723e-05,0.000000000000000000e+00,0.000000000000000000e+00,0.000000000000000000e+00,2.169607092967388174e-03,0.000000000000000000e+00,0.000000000000000000e+00,0.000000000000000000e+00,0.000000000000000000e+00,0.000000000000000000e+00,0.000000000000000000e+00,0.000000000000000000e+00,0.000000000000000000e+00,1.040072271136650850e-02,0.000000000000000000e+00,7.630459803193913315e-03,0.000000000000000000e+00,0.000000000000000000e+00,0.000000000000000000e+00,0.000000000000000000e+00,0.000000000000000000e+00,0.000000000000000000e+00,0.000000000000000000e+00,0.000000000000000000e+00,0.000000000000000000e+00,0.000000000000000000e+00,0.000000000000000000e+00,0.000000000000000000e+00,0.000000000000000000e+00,0.000000000000000000e+00,0.000000000000000000e+00,0.000000000000000000e+00,0.000000000000000000e+00,0.000000000000000000e+00,1.122031050882158626e-04,0.000000000000000000e+00,0.000000000000000000e+00,0.000000000000000000e+00,0.000000000000000000e+00,0.000000000000000000e+00,0.000000000000000000e+00,0.000000000000000000e+00,0.000000000000000000e+00,0.000000000000000000e+00,0.000000000000000000e+00,0.000000000000000000e+00,0.000000000000000000e+00,0.000000000000000000e+00,0.000000000000000000e+00,0.000000000000000000e+00,0.000000000000000000e+00,1.202559578075006447e-19,0.000000000000000000e+00,0.000000000000000000e+00,1.452497113599484323e-02,1.248717394078987132e-05,1.273226512472982476e-04,1.273226512472982476e-04,0.000000000000000000e+00,0.000000000000000000e+00,0.000000000000000000e+00,0.000000000000000000e+00,0.000000000000000000e+00,0.000000000000000000e+00,6.606897317867458513e-03,0.000000000000000000e+00,5.814873444351555251e-05,0.000000000000000000e+00,0.000000000000000000e+00,0.000000000000000000e+00,1.800816725218943606e-04,0.000000000000000000e+00,0.000000000000000000e+00,2.612264393880635131e-03,3.430646625599767388e-04,1.273226512472982476e-04,0.000000000000000000e+00,0.000000000000000000e+00,0.000000000000000000e+00,0.000000000000000000e+00,0.000000000000000000e+00,0.000000000000000000e+00,0.000000000000000000e+00,0.000000000000000000e+00,1.273226512472982476e-04,0.000000000000000000e+00,1.273226512473013376e-04,0.000000000000000000e+00,0.000000000000000000e+00,1.906898521955219033e-04,1.920198288289144423e-04,0.000000000000000000e+00,1.273226512472982476e-04,6.907586584913366287e-03,0.000000000000000000e+00,0.000000000000000000e+00,0.000000000000000000e+00,0.000000000000000000e+00,0.000000000000000000e+00,0.000000000000000000e+00,0.000000000000000000e+00,0.000000000000000000e+00,0.000000000000000000e+00,0.000000000000000000e+00,5.740621926085653047e-03,0.000000000000000000e+00,0.000000000000000000e+00,0.000000000000000000e+00,5.599922110223474377e-20,0.000000000000000000e+00,4.779035602351815182e-03,0.000000000000000000e+00,0.000000000000000000e+00,0.000000000000000000e+00,0.000000000000000000e+00,0.000000000000000000e+00,0.000000000000000000e+00,0.000000000000000000e+00,0.000000000000000000e+00,0.000000000000000000e+00,0.000000000000000000e+00,0.000000000000000000e+00,0.000000000000000000e+00,0.000000000000000000e+00
0.000000000000000000e+00,0.000000000000000000e+00,0.000000000000000000e+00,0.000000000000000000e+00,0.000000000000000000e+00,0.000000000000000000e+00,0.000000000000000000e+00,0.000000000000000000e+00,0.000000000000000000e+00,6.993212159056158388e-03,0.000000000000000000e+00,0.000000000000000000e+00,0.000000000000000000e+00,0.000000000000000000e+00,1.037457146717402209e-03,0.000000000000000000e+00,9.831248322940524045e-04,0.000000000000000000e+00,6.740610948386377259e-05,5.815281047636183462e-04,0.000000000000000000e+00,0.000000000000000000e+00,0.000000000000000000e+00,0.000000000000000000e+00,0.000000000000000000e+00,0.000000000000000000e+00,0.000000000000000000e+00,4.617638349203021832e-03,1.256991547553106860e-03,0.000000000000000000e+00,0.000000000000000000e+00,0.000000000000000000e+00,0.000000000000000000e+00,0.000000000000000000e+00,0.000000000000000000e+00,0.000000000000000000e+00,0.000000000000000000e+00,0.000000000000000000e+00,6.740610948386377259e-05,2.789643239486972858e-03,0.000000000000000000e+00,0.000000000000000000e+00,0.000000000000000000e+00,0.000000000000000000e+00,3.617299552638289900e-19,3.702206005490270457e-36,0.000000000000000000e+00,0.000000000000000000e+00,1.779711356698570213e-03,0.000000000000000000e+00,0.000000000000000000e+00,0.000000000000000000e+00,0.000000000000000000e+00,0.000000000000000000e+00,0.000000000000000000e+00,0.000000000000000000e+00,0.000000000000000000e+00,0.000000000000000000e+00,2.468315816132273015e-05,8.033924196079998171e-04,0.000000000000000000e+00,0.000000000000000000e+00,0.000000000000000000e+00,0.000000000000000000e+00,8.762413624020884439e-20,4.472883793261994992e-19,0.000000000000000000e+00,0.000000000000000000e+00,0.000000000000000000e+00,0.000000000000000000e+00,0.000000000000000000e+00,8.572587218468687154e-03,1.593180989417565152e-18,0.000000000000000000e+00,0.000000000000000000e+00,0.000000000000000000e+00,0.000000000000000000e+00,0.000000000000000000e+00,0.000000000000000000e+00,4.872053023544594980e-04,0.000000000000000000e+00,0.000000000000000000e+00,4.675231020622118612e-05,1.408780489877735559e-20,0.000000000000000000e+00,7.804599360924406527e-05,3.561721945049655183e-03,0.000000000000000000e+00,0.000000000000000000e+00,0.000000000000000000e+00,0.000000000000000000e+00,6.000350258986269711e-03,0.000000000000000000e+00,7.880831345918831092e-35,0.000000000000000000e+00,0.000000000000000000e+00,0.000000000000000000e+00,0.000000000000000000e+00,0.000000000000000000e+00,4.011522408792249361e-02,0.000000000000000000e+00,0.000000000000000000e+00,3.146139989871440566e-05,0.000000000000000000e+00,1.069017773260807699e-02,0.000000000000000000e+00,0.000000000000000000e+00,1.458723403962666754e-02,0.000000000000000000e+00,0.000000000000000000e+00,0.000000000000000000e+00,0.000000000000000000e+00,0.000000000000000000e+00,0.000000000000000000e+00,0.000000000000000000e+00,0.000000000000000000e+00,0.000000000000000000e+00,0.000000000000000000e+00,1.132550469851837174e-02,3.574451526795437324e-03,0.000000000000000000e+00,0.000000000000000000e+00,0.000000000000000000e+00,6.945886477357660356e-19,2.339081766934684829e-03,0.000000000000000000e+00,0.000000000000000000e+00,2.516522323856122678e-03,1.407848666713107030e-02,0.000000000000000000e+00,8.572587218468687154e-03,8.572587218468687154e-03,0.000000000000000000e+00,0.000000000000000000e+00,0.000000000000000000e+00,3.534428877351170062e-03,9.348028226481133740e-03,0.000000000000000000e+00,0.000000000000000000e+00,7.465716898098612888e-06,0.000000000000000000e+00,0.000000000000000000e+00,0.000000000000000000e+00,8.138934426277485978e-03,0.000000000000000000e+00,0.000000000000000000e+00,0.000000000000000000e+00,8.762875782318439027e-03,1.139827917151175346e-02,8.587763462210270052e-03,0.000000000000000000e+00,0.000000000000000000e+00,0.000000000000000000e+00,0.000000000000000000e+00,3.067054982714170937e-03,1.592114513306100692e-03,6.782286913037323048e-03,0.000000000000000000e+00,0.000000000000000000e+00,0.000000000000000000e+00,0.000000000000000000e+00,0.000000000000000000e+00,9.689164041289739274e-21,0.000000000000000000e+00,0.000000000000000000e+00,0.000000000000000000e+00,0.000000000000000000e+00,1.532649333470048267e-02,5.183377751725827542e-02,6.665681311233773252e-04,0.000000000000000000e+00,6.019669447225326278e-03,2.514622257487253952e-03,0.000000000000000000e+00,3.951776771207978146e-05,3.951776771207954429e-05,0.000000000000000000e+00,0.000000000000000000e+00,0.000000000000000000e+00,0.000000000000000000e+00,1.009171505172854182e-03,0.000000000000000000e+00,0.000000000000000000e+00,0.000000000000000000e+00,0.000000000000000000e+00,0.000000000000000000e+00,0.000000000000000000e+00,4.315171979765396876e-02,7.125215201022135070e-02,4.253258184785867202e-02,3.221175841789403888e-02,8.398268981872092712e-03,6.054216826069418883e-03,0.000000000000000000e+00,3.951776771207954429e-05,3.951776771207954429e-05,0.000000000000000000e+00,0.000000000000000000e+00,0.000000000000000000e+00,0.000000000000000000e+00,0.000000000000000000e+00,0.000000000000000000e+00,0.000000000000000000e+00,0.000000000000000000e+00,0.000000000000000000e+00,0.000000000000000000e+00,0.000000000000000000e+00,2.474868703782384660e-02,9.625080064513941158e-02,3.978131699084148931e-02,1.063382555124871461e-02,0.000000000000000000e+00,0.000000000000000000e+00,0.000000000000000000e+00,0.000000000000000000e+00,3.951776771207954429e-05,0.000000000000000000e+00,0.000000000000000000e+00,0.000000000000000000e+00,0.000000000000000000e+00,0.000000000000000000e+00,0.000000000000000000e+00,0.000000000000000000e+00,0.000000000000000000e+00,8.408125017620393660e-03,0.000000000000000000e+00,0.000000000000000000e+00,0.000000000000000000e+00,7.433069025465258856e-03,4.891940242953664308e-02,3.601650647451226650e-02,9.339660558351997404e-05,2.568350001564664907e-05,2.538114463170338948e-05,0.000000000000000000e+00,0.000000000000000000e+00,5.143637199694676108e-04,0.000000000000000000e+00,0.000000000000000000e+00,0.000000000000000000e+00,0.000000000000000000e+00,0.000000000000000000e+00,0.000000000000000000e+00,4.245537181459496483e-03,0.000000000000000000e+00,0.000000000000000000e+00,0.000000000000000000e+00,0.000000000000000000e+00,0.000000000000000000e+00,8.059857529078126581e-02,3.549957575038813901e-02,0.000000000000000000e+00,0.000000000000000000e+00,0.000000000000000000e+00,0.000000000000000000e+00,0.000000000000000000e+00,0.000000000000000000e+00,0.000000000000000000e+00,0.000000000000000000e+00,0.000000000000000000e+00,9.732223538920833222e-03,0.000000000000000000e+00,0.000000000000000000e+00,0.000000000000000000e+00,0.000000000000000000e+00,0.000000000000000000e+00,0.000000000000000000e+00,0.000000000000000000e+00,0.000000000000000000e+00,5.548411878439760136e-02,1.765164376566193127e-02,3.951776771207976790e-05,3.951776771207954429e-05,0.000000000000000000e+00,0.000000000000000000e+00,0.000000000000000000e+00,1.526298555199935981e-04,0.000000000000000000e+00,0.000000000000000000e+00,0.000000000000000000e+00,1.148615519806264404e-03,0.000000000000000000e+00,0.000000000000000000e+00,0.000000000000000000e+00,0.000000000000000000e+00,0.000000000000000000e+00,0.000000000000000000e+00,0.000000000000000000e+00,0.000000000000000000e+00,7.951154862218191149e-03,0.000000000000000000e+00,4.039655189926189861e-03,0.000000000000000000e+00,0.000000000000000000e+00,0.000000000000000000e+00,0.000000000000000000e+00,0.000000000000000000e+00,0.000000000000000000e+00,0.000000000000000000e+00,0.000000000000000000e+00,0.000000000000000000e+00,0.000000000000000000e+00,0.000000000000000000e+00,0.000000000000000000e+00,0.000000000000000000e+00,0.000000000000000000e+00,0.000000000000000000e+00,0.000000000000000000e+00,0.000000000000000000e+00,0.000000000000000000e+00,5.940164387023193443e-05,0.000000000000000000e+00,0.000000000000000000e+00,0.000000000000000000e+00,0.000000000000000000e+00,0.000000000000000000e+00,0.000000000000000000e+00,0.000000000000000000e+00,0.000000000000000000e+00,0.000000000000000000e+00,0.000000000000000000e+00,0.000000000000000000e+00,0.000000000000000000e+00,0.000000000000000000e+00,0.000000000000000000e+00,0.000000000000000000e+00,0.000000000000000000e+00,6.366491883926506277e-20,0.000000000000000000e+00,0.000000000000000000e+00,7.689690601409034446e-03,6.610856792182872357e-06,6.740610948386377259e-05,6.740610948386377259e-05,0.000000000000000000e+00,0.000000000000000000e+00,0.000000000000000000e+00,0.000000000000000000e+00,0.000000000000000000e+00,0.000000000000000000e+00,3.497769168282772664e-03,0.000000000000000000e+00,3.078462411715529091e-05,0.000000000000000000e+00,0.000000000000000000e+00,0.000000000000000000e+00,9.533735604100291271e-05,0.000000000000000000e+00,0.000000000000000000e+00,4.293669636931887398e-03,6.447773710677932694e-04,6.740610948386377259e-05,0.000000000000000000e+00,0.000000000000000000e+00,0.000000000000000000e+00,0.000000000000000000e+00,0.000000000000000000e+00,0.000000000000000000e+00,0.000000000000000000e+00,0.000000000000000000e+00,6.740610948386377259e-05,0.000000000000000000e+00,6.740610948386541244e-05,0.000000000000000000e+00,0.000000000000000000e+00,1.009534511623351189e-04,1.016575564388370434e-04,0.000000000000000000e+00,6.740610948386377259e-05,6.567663738066863328e-03,0.000000000000000000e+00,0.000000000000000000e+00,0.000000000000000000e+00,0.000000000000000000e+00,0.000000000000000000e+00,0.000000000000000000e+00,0.000000000000000000e+00,0.000000000000000000e+00,0.000000000000000000e+00,0.000000000000000000e+00,3.039152784398287468e-03,0.000000000000000000e+00,0.000000000000000000e+00,0.000000000000000000e+00,2.964664646588897987e-20,0.000000000000000000e+00,2.530077671833314175e-03,0.000000000000000000e+00,0.000000000000000000e+00,0.000000000000000000e+00,0.000000000000000000e+00,0.000000000000000000e+00,0.000000000000000000e+00,0.000000000000000000e+00,0.000000000000000000e+00,0.000000000000000000e+00,0.000000000000000000e+00,0.000000000000000000e+00,0.000000000000000000e+00,0.000000000000000000e+00
0.000000000000000000e+00,0.000000000000000000e+00,0.000000000000000000e+00,0.000000000000000000e+00,0.000000000000000000e+00,0.000000000000000000e+00,0.000000000000000000e+00,0.000000000000000000e+00,0.000000000000000000e+00,1.165535359842692978e-02,0.000000000000000000e+00,0.000000000000000000e+00,0.000000000000000000e+00,0.000000000000000000e+00,1.152730163019336992e-04,0.000000000000000000e+00,1.638541387156754008e-03,0.000000000000000000e+00,7.489567720429297524e-06,6.461423386262430887e-05,0.000000000000000000e+00,0.000000000000000000e+00,0.000000000000000000e+00,0.000000000000000000e+00,0.000000000000000000e+00,0.000000000000000000e+00,0.000000000000000000e+00,5.130709276892232024e-04,1.396657275059007622e-04,0.000000000000000000e+00,0.000000000000000000e+00,0.000000000000000000e+00,0.000000000000000000e+00,0.000000000000000000e+00,0.000000000000000000e+00,0.000000000000000000e+00,0.000000000000000000e+00,0.000000000000000000e+00,7.489567720429297524e-06,3.099603599429970324e-04,0.000000000000000000e+00,0.000000000000000000e+00,0.000000000000000000e+00,0.000000000000000000e+00,6.028832587730482525e-19,4.113562228322531639e-37,0.000000000000000000e+00,0.000000000000000000e+00,1.977457062998407011e-04,0.000000000000000000e+00,0.000000000000000000e+00,0.000000000000000000e+00,0.000000000000000000e+00,0.000000000000000000e+00,0.000000000000000000e+00,0.000000000000000000e+00,0.000000000000000000e+00,0.000000000000000000e+00,2.742573129035863423e-06,8.926582440088896495e-05,0.000000000000000000e+00,0.000000000000000000e+00,0.000000000000000000e+00,0.000000000000000000e+00,9.736015137800993410e-21,4.969870881402208098e-20,0.000000000000000000e+00,0.000000000000000000e+00,0.000000000000000000e+00,0.000000000000000000e+00,0.000000000000000000e+00,1.428764536411447975e-02,2.655301649029274997e-18,0.000000000000000000e+00,0.000000000000000000e+00,0.000000000000000000e+00,0.000000000000000000e+00,0.000000000000000000e+00,0.000000000000000000e+00,5.413392248382873674e-05,0.000000000000000000e+00,0.000000000000000000e+00,5.194701134024582259e-06,1.565311655419705508e-21,0.000000000000000000e+00,8.671777067693772984e-06,3.957468827832950203e-04,0.000000000000000000e+00,0.000000000000000000e+00,0.000000000000000000e+00,0.000000000000000000e+00,1.000058376497711503e-02,0.000000000000000000e+00,1.313471890986471706e-34,0.000000000000000000e+00,0.000000000000000000e+00,0.000000000000000000e+00,0.000000000000000000e+00,0.000000000000000000e+00,6.543078679622532645e-02,0.000000000000000000e+00,0.000000000000000000e+00,3.495711099857159196e-06,0.000000000000000000e+00,1.187797525845340346e-03,0.000000000000000000e+00,0.000000000000000000e+00,1.620803782180740837e-03,0.000000000000000000e+00,0.000000000000000000e+00,0.000000000000000000e+00,0.000000000000000000e+00,0.000000000000000000e+00,0.000000000000000000e+00,0.000000000000000000e+00,0.000000000000000000e+00,0.000000000000000000e+00,0.000000000000000000e+00,1.258389410946487291e-03,3.971612807550494589e-04,0.000000000000000000e+00,0.000000000000000000e+00,0.000000000000000000e+00,7.717651641508511506e-20,2.598979741038542554e-04,0.000000000000000000e+00,0.000000000000000000e+00,2.796135915395688010e-04,1.564276296347894002e-03,0.000000000000000000e+00,1.428764536411447975e-02,1.428764536411447975e-02,0.000000000000000000e+00,0.000000000000000000e+00,0.000000000000000000e+00,5.890714795585283436e-03,1.038669802942350506e-03,0.000000000000000000e+00,0.000000000000000000e+00,8.295240997887330713e-07,0.000000000000000000e+00,0.000000000000000000e+00,0.000000000000000000e+00,9.043260473641651087e-04,0.000000000000000000e+00,0.000000000000000000e+00,0.000000000000000000e+00,9.736528647020480098e-04,7.877653675735367053e-03,1.428933161341910084e-02,0.000000000000000000e+00,0.000000000000000000e+00,0.000000000000000000e+00,0.000000000000000000e+00,5.111758304523618228e-03,2.653524188843501153e-03,7.535874347819240121e-04,0.000000000000000000e+00,0.000000000000000000e+00,0.000000000000000000e+00,0.000000000000000000e+00,0.000000000000000000e+00,1.076573782365527255e-21,0.000000000000000000e+00,0.000000000000000000e+00,0.000000000000000000e+00,0.000000000000000000e+00,1.702943703855611113e-03,6.738620560016639338e-02,7.406312568037525836e-05,0.000000000000000000e+00,6.688521608028148019e-04,2.794024730541399063e-04,0.000000000000000000e+00,4.390863079119976470e-06,4.390863079119949365e-06,0.000000000000000000e+00,0.000000000000000000e+00,0.000000000000000000e+00,0.000000000000000000e+00,1.681952508621423637e-03,0.000000000000000000e+00,0.000000000000000000e+00,0.000000000000000000e+00,0.000000000000000000e+00,0.000000000000000000e+00,0.000000000000000000e+00,7.191953299608994099e-02,9.867296802658512278e-02,4.725842427539858615e-03,3.579084268654900147e-03,9.331409979857867298e-04,6.726907584521588102e-04,0.000000000000000000e+00,4.390863079119949365e-06,4.390863079119949365e-06,0.000000000000000000e+00,0.000000000000000000e+00,0.000000000000000000e+00,0.000000000000000000e+00,0.000000000000000000e+00,0.000000000000000000e+00,0.000000000000000000e+00,0.000000000000000000e+00,0.000000000000000000e+00,0.000000000000000000e+00,0.000000000000000000e+00,4.124781172970641563e-02,1.266634123013076207e-01,2.278843311012794526e-02,1.772304258541452376e-02,0.000000000000000000e+00,0.000000000000000000e+00,0.000000000000000000e+00,0.000000000000000000e+00,4.390863079119949365e-06,0.000000000000000000e+00,0.000000000000000000e+00,0.000000000000000000e+00,0.000000000000000000e+00,0.000000000000000000e+00,0.000000000000000000e+00,0.000000000000000000e+00,0.000000000000000000e+00,1.401354169603398828e-02,0.000000000000000000e+00,0.000000000000000000e+00,0.000000000000000000e+00,1.238844837577543143e-02,4.994451220524268736e-02,4.851085709912886235e-02,1.037740062039110823e-05,2.853722223960738786e-06,2.820127181300379621e-06,0.000000000000000000e+00,0.000000000000000000e+00,8.572728666157794237e-04,0.000000000000000000e+00,0.000000000000000000e+00,0.000000000000000000e+00,0.000000000000000000e+00,0.000000000000000000e+00,0.000000000000000000e+00,7.075895302432493560e-03,0.000000000000000000e+00,0.000000000000000000e+00,0.000000000000000000e+00,0.000000000000000000e+00,0.000000000000000000e+00,1.026816615575427138e-01,3.537411476903890711e-02,0.000000000000000000e+00,0.000000000000000000e+00,0.000000000000000000e+00,0.000000000000000000e+00,0.000000000000000000e+00,0.000000000000000000e+00,0.000000000000000000e+00,0.000000000000000000e+00,0.000000000000000000e+00,1.622037256486805537e-02,0.000000000000000000e+00,0.000000000000000000e+00,0.000000000000000000e+00,0.000000000000000000e+00,0.000000000000000000e+00,0.000000000000000000e+00,0.000000000000000000e+00,0.000000000000000000e+00,7.691974354118372159e-02,1.961293751740214586e-03,4.390863079119962918e-06,4.390863079119949365e-06,0.000000000000000000e+00,0.000000000000000000e+00,0.000000000000000000e+00,2.543830925333226997e-04,0.000000000000000000e+00,0.000000000000000000e+00,0.000000000000000000e+00,1.276239466451402002e-04,0.000000000000000000e+00,0.000000000000000000e+00,0.000000000000000000e+00,0.000000000000000000e+00,0.000000000000000000e+00,0.000000000000000000e+00,0.000000000000000000e+00,0.000000000000000000e+00,5.501587013069876402e-03,0.000000000000000000e+00,4.488505766584664075e-04,0.000000000000000000e+00,0.000000000000000000e+00,0.000000000000000000e+00,0.000000000000000000e+00,0.000000000000000000e+00,0.000000000000000000e+00,0.000000000000000000e+00,0.000000000000000000e+00,0.000000000000000000e+00,0.000000000000000000e+00,0.000000000000000000e+00,0.000000000000000000e+00,0.000000000000000000e+00,0.000000000000000000e+00,0.000000000000000000e+00,0.000000000000000000e+00,0.000000000000000000e+00,0.000000000000000000e+00,6.600182652248006267e-06,0.000000000000000000e+00,0.000000000000000000e+00,0.000000000000000000e+00,0.000000000000000000e+00,0.000000000000000000e+00,0.000000000000000000e+00,0.000000000000000000e+00,0.000000000000000000e+00,0.000000000000000000e+00,0.000000000000000000e+00,0.000000000000000000e+00,0.000000000000000000e+00,0.000000000000000000e+00,0.000000000000000000e+00,0.000000000000000000e+00,0.000000000000000000e+00,7.073879871029456768e-21,0.000000000000000000e+00,0.000000000000000000e+00,8.544100668232273987e-04,7.345396435758750828e-07,7.489567720429297524e-06,7.489567720429297524e-06,0.000000000000000000e+00,0.000000000000000000e+00,0.000000000000000000e+00,0.000000000000000000e+00,0.000000000000000000e+00,0.000000000000000000e+00,3.886410186980850806e-04,0.000000000000000000e+00,3.420513790795029312e-06,0.000000000000000000e+00,0.000000000000000000e+00,0.000000000000000000e+00,1.059303956011141065e-05,0.000000000000000000e+00,0.000000000000000000e+00,5.975074879983140533e-03,9.464900795756098001e-04,7.489567720429297524e-06,0.000000000000000000e+00,0.000000000000000000e+00,0.000000000000000000e+00,0.000000000000000000e+00,0.000000000000000000e+00,0.000000000000000000e+00,0.000000000000000000e+00,0.000000000000000000e+00,7.489567720429297524e-06,0.000000000000000000e+00,7.489567720429487260e-06,0.000000000000000000e+00,0.000000000000000000e+00,1.121705012914833450e-05,1.129528404875967148e-05,0.000000000000000000e+00,7.489567720429297524e-06,6.227740891220360370e-03,0.000000000000000000e+00,0.000000000000000000e+00,0.000000000000000000e+00,0.000000000000000000e+00,0.000000000000000000e+00,0.000000000000000000e+00,0.000000000000000000e+00,0.000000000000000000e+00,0.000000000000000000e+00,0.000000000000000000e+00,3.376836427109210226e-04,0.000000000000000000e+00,0.000000000000000000e+00,0.000000000000000000e+00,3.294071829543215974e-21,0.000000000000000000e+00,2.811197413148123006e-04,0.000000000000000000e+00,0.000000000000000000e+00,0.000000000000000000e+00,0.000000000000000000e+00,0.000000000000000000e+00,0.000000000000000000e+00,0.000000000000000000e+00,0.000000000000000000e+00,0.000000000000000000e+00,0.000000000000000000e+00,0.000000000000000000e+00,0.000000000000000000e+00,0.000000000000000000e+00
0.000000000000000000e+00,0.000000000000000000e+00,0.000000000000000000e+00,0.000000000000000000e+00,0.000000000000000000e+00,0.000000000000000000e+00,0.000000000000000000e+00,0.000000000000000000e+00,0.000000000000000000e+00,8.228571490919517339e-03,9.297421779490028671e-05,9.297421779490009698e-05,9.297421779490065263e-05,4.518152591917613987e-03,3.099849048382544506e-03,9.651440898564744348e-06,1.146978971009727805e-03,9.651440898564651175e-06,9.651440898564651175e-06,9.651440898564652869e-06,0.000000000000000000e+00,0.000000000000000000e+00,0.000000000000000000e+00,0.000000000000000000e+00,0.000000000000000000e+00,0.000000000000000000e+00,0.000000000000000000e+00,0.000000000000000000e+00,2.888750446107834437e-20,2.546851905194461589e-22,1.587194031461821906e-19,0.000000000000000000e+00,0.000000000000000000e+00,0.000000000000000000e+00,0.000000000000000000e+00,0.000000000000000000e+00,0.000000000000000000e+00,1.170001037551213818e-37,0.000000000000000000e+00,2.538712483302140756e-03,0.000000000000000000e+00,0.000000000000000000e+00,0.000000000000000000e+00,0.000000000000000000e+00,4.220182811411337575e-19,9.390586302806543549e-22,0.000000000000000000e+00,0.000000000000000000e+00,0.000000000000000000e+00,0.000000000000000000e+00,0.000000000000000000e+00,0.000000000000000000e+00,1.326177128090821541e-02,1.159748433227510145e-02,0.000000000000000000e+00,0.000000000000000000e+00,0.000000000000000000e+00,0.000000000000000000e+00,0.000000000000000000e+00,0.000000000000000000e+00,0.000000000000000000e+00,0.000000000000000000e+00,0.000000000000000000e+00,8.756636601384122989e-03,0.000000000000000000e+00,2.008027246429202344e-20,-2.340002075102427636e-37,5.438490787222114786e-21,0.000000000000000000e+00,0.000000000000000000e+00,0.000000000000000000e+00,1.000135175488013617e-02,1.858711154320492806e-18,0.000000000000000000e+00,0.000000000000000000e+00,0.000000000000000000e+00,0.000000000000000000e+00,0.000000000000000000e+00,9.735800393266791101e-22,9.651440898564737572e-06,0.000000000000000000e+00,0.000000000000000000e+00,0.000000000000000000e+00,0.000000000000000000e+00,0.000000000000000000e+00,0.000000000000000000e+00,0.000000000000000000e+00,0.000000000000000000e+00,0.000000000000000000e+00,0.000000000000000000e+00,0.000000000000000000e+00,7.000408635483981040e-03,0.000000000000000000e+00,9.194303236905303653e-35,0.000000000000000000e+00,0.000000000000000000e+00,0.000000000000000000e+00,0.000000000000000000e+00,0.000000000000000000e+00,4.573015475650878126e-02,0.000000000000000000e+00,0.000000000000000000e+00,6.806491893361024221e-23,0.000000000000000000e+00,0.000000000000000000e+00,0.000000000000000000e+00,0.000000000000000000e+00,0.000000000000000000e+00,3.844285679437498687e-03,0.000000000000000000e+00,0.000000000000000000e+00,0.000000000000000000e+00,0.000000000000000000e+00,2.496950935942172565e-04,0.000000000000000000e+00,0.000000000000000000e+00,6.648542243210252029e-05,2.496950935942162265e-04,1.925237531455602127e-04,0.000000000000000000e+00,0.000000000000000000e+00,0.000000000000000000e+00,6.546394898951765783e-22,1.962416983041642537e-22,0.000000000000000000e+00,0.000000000000000000e+00,0.000000000000000000e+00,3.650993458118993208e-03,2.262431935747260679e-04,4.338635611263282586e-03,1.000135175488013617e-02,1.000135175488013617e-02,0.000000000000000000e+00,0.000000000000000000e+00,0.000000000000000000e+00,4.123500356909698406e-03,0.000000000000000000e+00,0.000000000000000000e+00,0.000000000000000000e+00,0.000000000000000000e+00,0.000000000000000000e+00,0.000000000000000000e+00,2.905105474570208871e-05,0.000000000000000000e+00,0.000000000000000000e+00,2.565335298932805703e-19,5.200852187183109022e-03,3.650993458118993208e-03,8.478235203788531821e-03,1.433998736614341789e-02,0.000000000000000000e+00,0.000000000000000000e+00,0.000000000000000000e+00,0.000000000000000000e+00,3.578230813166533193e-03,1.857466932190450590e-03,0.000000000000000000e+00,0.000000000000000000e+00,0.000000000000000000e+00,0.000000000000000000e+00,0.000000000000000000e+00,4.215372989390992198e-21,0.000000000000000000e+00,0.000000000000000000e+00,0.000000000000000000e+00,0.000000000000000000e+00,1.370127708394297365e-02,0.000000000000000000e+00,4.622017274035326168e-02,1.107638027537697148e-02,1.460981775957980247e-02,0.000000000000000000e+00,0.000000000000000000e+00,0.000000000000000000e+00,0.000000000000000000e+00,0.000000000000000000e+00,0.000000000000000000e+00,0.000000000000000000e+00,0.000000000000000000e+00,0.000000000000000000e+00,1.177366756034996329e-03,0.000000000000000000e+00,0.000000000000000000e+00,0.000000000000000000e+00,0.000000000000000000e+00,0.000000000000000000e+00,0.000000000000000000e+00,5.034367309726296008e-02,8.775898845419215222e-02,2.330209634292087009e-02,0.000000000000000000e+00,0.000000000000000000e+00,0.000000000000000000e+00,0.000000000000000000e+00,0.000000000000000000e+00,0.000000000000000000e+00,0.000000000000000000e+00,0.000000000000000000e+00,0.000000000000000000e+00,0.000000000000000000e+00,6.050768113327897619e-04,0.000000000000000000e+00,0.000000000000000000e+00,7.695020331027260622e-03,0.000000000000000000e+00,3.760671913002342284e-04,0.000000000000000000e+00,2.887346821079449233e-02,1.040746772389479213e-01,2.894659154873534951e-02,1.697491145607286228e-02,0.000000000000000000e+00,0.000000000000000000e+00,0.000000000000000000e+00,8.123181895432854752e-03,0.000000000000000000e+00,9.651440898564654563e-06,3.926114476679711841e-03,0.000000000000000000e+00,0.000000000000000000e+00,0.000000000000000000e+00,0.000000000000000000e+00,0.000000000000000000e+00,0.000000000000000000e+00,9.809479187223791447e-03,1.269721094045655856e-02,0.000000000000000000e+00,2.306253417299146055e-02,8.671913863042800263e-03,5.336704661607723915e-02,4.336281819744162991e-02,1.194028166590060946e-02,7.201717498384877967e-06,0.000000000000000000e+00,0.000000000000000000e+00,0.000000000000000000e+00,6.000910066310455098e-04,0.000000000000000000e+00,0.000000000000000000e+00,0.000000000000000000e+00,0.000000000000000000e+00,1.106915297931091238e-02,0.000000000000000000e+00,4.953126711702745752e-03,0.000000000000000000e+00,0.000000000000000000e+00,0.000000000000000000e+00,0.000000000000000000e+00,0.000000000000000000e+00,7.029469822725858963e-02,2.357228809758016991e-02,0.000000000000000000e+00,0.000000000000000000e+00,1.203705924127896395e-03,7.926759624970584200e-03,0.000000000000000000e+00,0.000000000000000000e+00,0.000000000000000000e+00,0.000000000000000000e+00,0.000000000000000000e+00,1.135426079540763702e-02,0.000000000000000000e+00,0.000000000000000000e+00,0.000000000000000000e+00,0.000000000000000000e+00,0.000000000000000000e+00,8.001780450566015057e-03,0.000000000000000000e+00,0.000000000000000000e+00,5.306613109052132904e-02,0.000000000000000000e+00,0.000000000000000000e+00,0.000000000000000000e+00,0.000000000000000000e+00,0.000000000000000000e+00,0.000000000000000000e+00,1.780681647733259006e-04,0.000000000000000000e+00,0.000000000000000000e+00,0.000000000000000000e+00,0.000000000000000000e+00,0.000000000000000000e+00,0.000000000000000000e+00,0.000000000000000000e+00,0.000000000000000000e+00,6.876421531442902454e-04,0.000000000000000000e+00,0.000000000000000000e+00,0.000000000000000000e+00,3.463594021284224778e-03,0.000000000000000000e+00,0.000000000000000000e+00,0.000000000000000000e+00,0.000000000000000000e+00,0.000000000000000000e+00,0.000000000000000000e+00,0.000000000000000000e+00,0.000000000000000000e+00,0.000000000000000000e+00,0.000000000000000000e+00,0.000000000000000000e+00,0.000000000000000000e+00,0.000000000000000000e+00,0.000000000000000000e+00,0.000000000000000000e+00,0.000000000000000000e+00,0.000000000000000000e+00,0.000000000000000000e+00,0.000000000000000000e+00,3.008430441670248371e-21,0.000000000000000000e+00,0.000000000000000000e+00,0.000000000000000000e+00,0.000000000000000000e+00,0.000000000000000000e+00,0.000000000000000000e+00,0.000000000000000000e+00,0.000000000000000000e+00,0.000000000000000000e+00,0.000000000000000000e+00,4.220676272532225143e-21,0.000000000000000000e+00,0.000000000000000000e+00,0.000000000000000000e+00,0.000000000000000000e+00,0.000000000000000000e+00,4.269523181283576586e-03,0.000000000000000000e+00,0.000000000000000000e+00,0.000000000000000000e+00,0.000000000000000000e+00,0.000000000000000000e+00,0.000000000000000000e+00,0.000000000000000000e+00,0.000000000000000000e+00,0.000000000000000000e+00,0.000000000000000000e+00,0.000000000000000000e+00,0.000000000000000000e+00,0.000000000000000000e+00,0.000000000000000000e+00,0.000000000000000000e+00,0.000000000000000000e+00,0.000000000000000000e+00,0.000000000000000000e+00,3.637358180521779207e-03,0.000000000000000000e+00,0.000000000000000000e+00,0.000000000000000000e+00,4.123500356909698406e-03,6.561361120927245143e-04,0.000000000000000000e+00,0.000000000000000000e+00,0.000000000000000000e+00,0.000000000000000000e+00,0.000000000000000000e+00,0.000000000000000000e+00,0.000000000000000000e+00,0.000000000000000000e+00,0.000000000000000000e+00,1.410926701243789886e-20,0.000000000000000000e+00,0.000000000000000000e+00,0.000000000000000000e+00,0.000000000000000000e+00,0.000000000000000000e+00,0.000000000000000000e+00,8.898986991098832417e-06,9.651440898564673198e-06,4.124031016823556661e-03,0.000000000000000000e+00,0.000000000000000000e+00,0.000000000000000000e+00,0.000000000000000000e+00,0.000000000000000000e+00,0.000000000000000000e+00,0.000000000000000000e+00,0.000000000000000000e+00,0.000000000000000000e+00,0.000000000000000000e+00,1.249100655994778196e-03,6.248984060758300317e-06,9.651440898564739266e-06,7.283153672516041771e-05,2.593465344927807980e-04,1.973991639620636864e-03,3.792389464897948006e-03,0.000000000000000000e+00,0.000000000000000000e+00,0.000000000000000000e+00,0.000000000000000000e+00,0.000000000000000000e+00,0.000000000000000000e+00,0.000000000000000000e+00,0.000000000000000000e+00,0.000000000000000000e+00,0.000000000000000000e+00,0.000000000000000000e+00,0.000000000000000000e+00,0.000000000000000000e+00
0.000000000000000000e+00,0.000000000000000000e+00,0.000000000000000000e+00,0.000000000000000000e+00,0.000000000000000000e+00,0.000000000000000000e+00,0.000000000000000000e+00,0.000000000000000000e+00,0.000000000000000000e+00,3.646228876715220876e-03,1.992304667033577379e-04,1.992304667033573313e-04,1.992304667033585239e-04,9.681755554109171963e-03,6.642533675105452388e-03,2.068165906835302457e-05,4.915624161470262023e-04,2.068165906835282467e-05,2.068165906835282467e-05,2.068165906835282806e-05,0.000000000000000000e+00,0.000000000000000000e+00,0.000000000000000000e+00,0.000000000000000000e+00,0.000000000000000000e+00,0.000000000000000000e+00,0.000000000000000000e+00,0.000000000000000000e+00,6.190179527373930334e-20,5.457539796845275506e-22,3.401130067418190108e-19,0.000000000000000000e+00,0.000000000000000000e+00,0.000000000000000000e+00,0.000000000000000000e+00,0.000000000000000000e+00,0.000000000000000000e+00,2.507145080466886454e-37,0.000000000000000000e+00,5.440098178504587829e-03,0.000000000000000000e+00,0.000000000000000000e+00,0.000000000000000000e+00,0.000000000000000000e+00,1.808649776319144950e-19,2.012268493458545100e-21,0.000000000000000000e+00,0.000000000000000000e+00,0.000000000000000000e+00,0.000000000000000000e+00,0.000000000000000000e+00,0.000000000000000000e+00,2.841808131623188918e-02,2.485175214058950310e-02,0.000000000000000000e+00,0.000000000000000000e+00,0.000000000000000000e+00,0.000000000000000000e+00,0.000000000000000000e+00,0.000000000000000000e+00,0.000000000000000000e+00,0.000000000000000000e+00,0.000000000000000000e+00,1.876422128868026132e-02,0.000000000000000000e+00,4.302915528062576881e-20,-5.014290160933772908e-37,1.165390882976167379e-20,0.000000000000000000e+00,0.000000000000000000e+00,0.000000000000000000e+00,4.286293609234345311e-03,7.965904947087825761e-19,0.000000000000000000e+00,0.000000000000000000e+00,0.000000000000000000e+00,0.000000000000000000e+00,0.000000000000000000e+00,2.086242941414312298e-21,2.068165906835301102e-05,0.000000000000000000e+00,0.000000000000000000e+00,0.000000000000000000e+00,0.000000000000000000e+00,0.000000000000000000e+00,0.000000000000000000e+00,0.000000000000000000e+00,0.000000000000000000e+00,0.000000000000000000e+00,0.000000000000000000e+00,0.000000000000000000e+00,3.000175129493134855e-03,0.000000000000000000e+00,3.940415672959415546e-35,0.000000000000000000e+00,0.000000000000000000e+00,0.000000000000000000e+00,0.000000000000000000e+00,0.000000000000000000e+00,1.959863775278947867e-02,0.000000000000000000e+00,0.000000000000000000e+00,1.458533977148790955e-22,0.000000000000000000e+00,0.000000000000000000e+00,0.000000000000000000e+00,0.000000000000000000e+00,0.000000000000000000e+00,8.237755027366068863e-03,0.000000000000000000e+00,0.000000000000000000e+00,0.000000000000000000e+00,0.000000000000000000e+00,5.350609148447512406e-04,0.000000000000000000e+00,0.000000000000000000e+00,1.424687623545054026e-04,5.350609148447490722e-04,4.125508995976290543e-04,0.000000000000000000e+00,0.000000000000000000e+00,0.000000000000000000e+00,1.402798906918235552e-21,4.205179249374948226e-22,0.000000000000000000e+00,0.000000000000000000e+00,0.000000000000000000e+00,7.823557410254984579e-03,4.848068433744130105e-04,9.297076309849890141e-03,4.286293609234345311e-03,4.286293609234345311e-03,0.000000000000000000e+00,0.000000000000000000e+00,0.000000000000000000e+00,1.767214438675585031e-03,0.000000000000000000e+00,0.000000000000000000e+00,0.000000000000000000e+00,0.000000000000000000e+00,0.000000000000000000e+00,0.000000000000000000e+00,6.225226016936162641e-05,0.000000000000000000e+00,0.000000000000000000e+00,5.497147069141726232e-19,1.114468325824951971e-02,7.823557410254984579e-03,9.667560592388773841e-03,1.358336991908423545e-02,0.000000000000000000e+00,0.000000000000000000e+00,0.000000000000000000e+00,0.000000000000000000e+00,1.533527491357085902e-03,7.960572566530501291e-04,0.000000000000000000e+00,0.000000000000000000e+00,0.000000000000000000e+00,0.000000000000000000e+00,0.000000000000000000e+00,9.032942120123553635e-21,0.000000000000000000e+00,0.000000000000000000e+00,0.000000000000000000e+00,0.000000000000000000e+00,2.935987946559208417e-02,0.000000000000000000e+00,1.980864546015139588e-02,2.373510059009351081e-02,3.130675234195672008e-02,0.000000000000000000e+00,0.000000000000000000e+00,0.000000000000000000e+00,0.000000000000000000e+00,0.000000000000000000e+00,0.000000000000000000e+00,0.000000000000000000e+00,0.000000000000000000e+00,0.000000000000000000e+00,5.045857525864268743e-04,0.000000000000000000e+00,0.000000000000000000e+00,0.000000000000000000e+00,0.000000000000000000e+00,0.000000000000000000e+00,0.000000000000000000e+00,2.157585989882698091e-02,7.136860951197677994e-02,4.993306359197328959e-02,0.000000000000000000e+00,0.000000000000000000e+00,0.000000000000000000e+00,0.000000000000000000e+00,0.000000000000000000e+00,0.000000000000000000e+00,0.000000000000000000e+00,0.000000000000000000e+00,0.000000000000000000e+00,0.000000000000000000e+00,1.296593167141692378e-03,0.000000000000000000e+00,0.000000000000000000e+00,1.648932928077270071e-02,0.000000000000000000e+00,8.058582670719305514e-04,0.000000000000000000e+00,1.237434351891192677e-02,7.391432121679852862e-02,3.841204174724573844e-02,1.510715916051584909e-02,0.000000000000000000e+00,0.000000000000000000e+00,0.000000000000000000e+00,1.740681834735611708e-02,0.000000000000000000e+00,2.068165906835283145e-05,8.413102450027952831e-03,0.000000000000000000e+00,0.000000000000000000e+00,0.000000000000000000e+00,0.000000000000000000e+00,0.000000000000000000e+00,0.000000000000000000e+00,4.204062508810195095e-03,2.720830915812119666e-02,0.000000000000000000e+00,4.941971608498170465e-02,3.716534512732629428e-03,5.713207026050158566e-02,3.569443793485385652e-02,2.558631785550130600e-02,1.543225178225330799e-05,0.000000000000000000e+00,0.000000000000000000e+00,0.000000000000000000e+00,2.571818599847338054e-04,0.000000000000000000e+00,0.000000000000000000e+00,0.000000000000000000e+00,0.000000000000000000e+00,2.371961352709481274e-02,0.000000000000000000e+00,2.122768590729748675e-03,0.000000000000000000e+00,0.000000000000000000e+00,0.000000000000000000e+00,0.000000000000000000e+00,0.000000000000000000e+00,3.012629924025367334e-02,1.010240918467721766e-02,0.000000000000000000e+00,0.000000000000000000e+00,2.579369837416921156e-03,1.698591348207982230e-02,0.000000000000000000e+00,0.000000000000000000e+00,0.000000000000000000e+00,0.000000000000000000e+00,0.000000000000000000e+00,4.866111769460414876e-03,0.000000000000000000e+00,0.000000000000000000e+00,0.000000000000000000e+00,0.000000000000000000e+00,0.000000000000000000e+00,1.714667239407003177e-02,0.000000000000000000e+00,0.000000000000000000e+00,2.274262761022342177e-02,0.000000000000000000e+00,0.000000000000000000e+00,0.000000000000000000e+00,0.000000000000000000e+00,0.000000000000000000e+00,0.000000000000000000e+00,7.631492775999682617e-05,0.000000000000000000e+00,0.000000000000000000e+00,0.000000000000000000e+00,0.000000000000000000e+00,0.000000000000000000e+00,0.000000000000000000e+00,0.000000000000000000e+00,0.000000000000000000e+00,1.473518899594907514e-03,0.000000000000000000e+00,0.000000000000000000e+00,0.000000000000000000e+00,1.484397437693239005e-03,0.000000000000000000e+00,0.000000000000000000e+00,0.000000000000000000e+00,0.000000000000000000e+00,0.000000000000000000e+00,0.000000000000000000e+00,0.000000000000000000e+00,0.000000000000000000e+00,0.000000000000000000e+00,0.000000000000000000e+00,0.000000000000000000e+00,0.000000000000000000e+00,0.000000000000000000e+00,0.000000000000000000e+00,0.000000000000000000e+00,0.000000000000000000e+00,0.000000000000000000e+00,0.000000000000000000e+00,0.000000000000000000e+00,6.446636660721960312e-21,0.000000000000000000e+00,0.000000000000000000e+00,0.000000000000000000e+00,0.000000000000000000e+00,0.000000000000000000e+00,0.000000000000000000e+00,0.000000000000000000e+00,0.000000000000000000e+00,0.000000000000000000e+00,0.000000000000000000e+00,9.044306298283340344e-21,0.000000000000000000e+00,0.000000000000000000e+00,0.000000000000000000e+00,0.000000000000000000e+00,0.000000000000000000e+00,9.148978245607662999e-03,0.000000000000000000e+00,0.000000000000000000e+00,0.000000000000000000e+00,0.000000000000000000e+00,0.000000000000000000e+00,0.000000000000000000e+00,0.000000000000000000e+00,0.000000000000000000e+00,0.000000000000000000e+00,0.000000000000000000e+00,0.000000000000000000e+00,0.000000000000000000e+00,0.000000000000000000e+00,0.000000000000000000e+00,0.000000000000000000e+00,0.000000000000000000e+00,0.000000000000000000e+00,0.000000000000000000e+00,7.794338958260955443e-03,0.000000000000000000e+00,0.000000000000000000e+00,0.000000000000000000e+00,1.767214438675585031e-03,2.812011908968818728e-04,0.000000000000000000e+00,0.000000000000000000e+00,0.000000000000000000e+00,0.000000000000000000e+00,0.000000000000000000e+00,0.000000000000000000e+00,0.000000000000000000e+00,0.000000000000000000e+00,0.000000000000000000e+00,3.023414359808121615e-20,0.000000000000000000e+00,0.000000000000000000e+00,0.000000000000000000e+00,0.000000000000000000e+00,0.000000000000000000e+00,0.000000000000000000e+00,1.906925783806892588e-05,2.068165906835287211e-05,1.768351567062423531e-03,0.000000000000000000e+00,0.000000000000000000e+00,0.000000000000000000e+00,0.000000000000000000e+00,0.000000000000000000e+00,0.000000000000000000e+00,0.000000000000000000e+00,0.000000000000000000e+00,0.000000000000000000e+00,0.000000000000000000e+00,2.676644262845953061e-03,1.339068013019635758e-05,2.068165906835301441e-05,1.560675786967723275e-04,5.557425739131016326e-04,4.229982084901364771e-03,8.126548853352745169e-03,0.000000000000000000e+00,0.000000000000000000e+00,0.000000000000000000e+00,0.000000000000000000e+00,0.000000000000000000e+00,0.000000000000000000e+00,0.000000000000000000e+00,0.000000000000000000e+00,0.000000000000000000e+00,0.000000000000000000e+00,0.000000000000000000e+00,0.000000000000000000e+00,0.000000000000000000e+00
0.000000000000000000e+00,0.000000000000000000e+00,0.000000000000000000e+00,0.000000000000000000e+00,0.000000000000000000e+00,0.000000000000000000e+00,0.000000000000000000e+00,0.000000000000000000e+00,0.000000000000000000e+00,1.895222097703794717e-04,2.523585911575864770e-04,2.523585911575859349e-04,2.523585911575874528e-04,1.226355703520495312e-02,8.436478929579757646e-03,2.619676815324716468e-05,1.186880144668189850e-21,1.043936107111260916e-03,1.003861300459377338e-04,4.907325546010543778e-03,0.000000000000000000e+00,0.000000000000000000e+00,0.000000000000000000e+00,0.000000000000000000e+00,0.000000000000000000e+00,0.000000000000000000e+00,0.000000000000000000e+00,0.000000000000000000e+00,7.840894068006979787e-20,6.912883742670681995e-22,4.308098085396373848e-19,4.586176460918533343e-04,4.586176460918533343e-04,0.000000000000000000e+00,0.000000000000000000e+00,0.000000000000000000e+00,0.000000000000000000e+00,3.175717101924723399e-37,6.866149863756858512e-05,6.957309749632292067e-03,0.000000000000000000e+00,0.000000000000000000e+00,0.000000000000000000e+00,0.000000000000000000e+00,0.000000000000000000e+00,2.548873425047490661e-21,0.000000000000000000e+00,0.000000000000000000e+00,0.000000000000000000e+00,0.000000000000000000e+00,0.000000000000000000e+00,4.586176460918533343e-04,3.611701882023184151e-02,3.147888604474670393e-02,0.000000000000000000e+00,0.000000000000000000e+00,0.000000000000000000e+00,0.000000000000000000e+00,0.000000000000000000e+00,4.115329458975009401e-04,0.000000000000000000e+00,0.000000000000000000e+00,0.000000000000000000e+00,2.395434058898514296e-02,0.000000000000000000e+00,5.450359668879263849e-20,-6.351434203849446797e-37,1.476161785103145367e-20,0.000000000000000000e+00,0.000000000000000000e+00,0.000000000000000000e+00,4.586176460918533343e-04,4.586176460918533343e-04,0.000000000000000000e+00,0.000000000000000000e+00,0.000000000000000000e+00,0.000000000000000000e+00,0.000000000000000000e+00,2.642574392458128986e-21,2.619676815324714435e-05,0.000000000000000000e+00,0.000000000000000000e+00,1.863269566568120949e-04,1.863269566568121491e-04,0.000000000000000000e+00,0.000000000000000000e+00,0.000000000000000000e+00,0.000000000000000000e+00,0.000000000000000000e+00,0.000000000000000000e+00,0.000000000000000000e+00,0.000000000000000000e+00,0.000000000000000000e+00,0.000000000000000000e+00,0.000000000000000000e+00,0.000000000000000000e+00,0.000000000000000000e+00,0.000000000000000000e+00,0.000000000000000000e+00,4.844060604637205614e-04,0.000000000000000000e+00,0.000000000000000000e+00,1.847476371055135163e-22,0.000000000000000000e+00,0.000000000000000000e+00,0.000000000000000000e+00,0.000000000000000000e+00,0.000000000000000000e+00,1.043448970133035482e-02,0.000000000000000000e+00,0.000000000000000000e+00,0.000000000000000000e+00,0.000000000000000000e+00,6.777438254700182598e-04,0.000000000000000000e+00,0.000000000000000000e+00,1.804604323157068505e-04,6.777438254700154409e-04,5.225644728236633531e-04,0.000000000000000000e+00,0.000000000000000000e+00,0.000000000000000000e+00,1.776878615429765133e-21,5.326560382541601306e-22,0.000000000000000000e+00,0.000000000000000000e+00,0.000000000000000000e+00,9.909839386322980698e-03,6.140886682742565088e-04,1.177629665914319522e-02,2.956196141779274429e-03,2.343234904012397087e-03,1.489478106065512519e-04,0.000000000000000000e+00,0.000000000000000000e+00,0.000000000000000000e+00,0.000000000000000000e+00,8.270110289922013840e-21,0.000000000000000000e+00,0.000000000000000000e+00,0.000000000000000000e+00,1.780768906935846800e-03,7.885286288119138171e-05,0.000000000000000000e+00,0.000000000000000000e+00,6.963052954246185533e-19,1.411659879378272461e-02,9.909839386322980698e-03,9.553882763949530024e-03,1.460054409282278073e-02,3.330121725719598254e-03,0.000000000000000000e+00,0.000000000000000000e+00,0.000000000000000000e+00,0.000000000000000000e+00,0.000000000000000000e+00,0.000000000000000000e+00,0.000000000000000000e+00,0.000000000000000000e+00,0.000000000000000000e+00,0.000000000000000000e+00,1.144172668548983661e-20,0.000000000000000000e+00,0.000000000000000000e+00,0.000000000000000000e+00,0.000000000000000000e+00,3.718918065641663856e-02,0.000000000000000000e+00,1.427474615795912066e-03,3.411348657411462232e-02,4.097010115387602486e-02,0.000000000000000000e+00,0.000000000000000000e+00,0.000000000000000000e+00,0.000000000000000000e+00,0.000000000000000000e+00,0.000000000000000000e+00,0.000000000000000000e+00,0.000000000000000000e+00,0.000000000000000000e+00,2.699464525899416406e-03,0.000000000000000000e+00,0.000000000000000000e+00,0.000000000000000000e+00,0.000000000000000000e+00,5.826059376803348691e-03,5.826059376803348691e-03,6.651889527721570675e-03,5.998660513357344931e-02,6.524162869924711450e-02,0.000000000000000000e+00,0.000000000000000000e+00,0.000000000000000000e+00,0.000000000000000000e+00,0.000000000000000000e+00,0.000000000000000000e+00,0.000000000000000000e+00,0.000000000000000000e+00,0.000000000000000000e+00,0.000000000000000000e+00,1.642351345046143794e-03,0.000000000000000000e+00,0.000000000000000000e+00,2.088648375564542553e-02,0.000000000000000000e+00,1.020753804957778713e-03,6.539466173552295654e-03,7.488470704150618565e-03,4.834709137085331510e-02,4.117673612030676306e-02,1.240097875419588803e-02,1.585351924994116493e-03,0.000000000000000000e+00,1.204831017342771274e-03,2.204863657331774737e-02,0.000000000000000000e+00,2.619676815324692074e-05,1.065659643670207463e-02,0.000000000000000000e+00,0.000000000000000000e+00,2.200185687682102520e-21,0.000000000000000000e+00,0.000000000000000000e+00,0.000000000000000000e+00,0.000000000000000000e+00,3.446385826695351484e-02,2.045947813064526405e-04,6.317455152297546395e-02,1.528473465995105378e-03,5.424575818488461959e-02,2.795470668114647880e-02,3.399468787529576902e-02,1.604899443918303718e-03,3.733081592258985092e-04,0.000000000000000000e+00,0.000000000000000000e+00,7.670638366208892226e-06,8.275418759546180822e-04,0.000000000000000000e+00,0.000000000000000000e+00,0.000000000000000000e+00,3.004484380098676466e-02,0.000000000000000000e+00,0.000000000000000000e+00,0.000000000000000000e+00,0.000000000000000000e+00,5.673010697951307024e-04,5.673010697951307024e-04,0.000000000000000000e+00,0.000000000000000000e+00,1.998134709945011242e-04,1.585351924994116493e-03,0.000000000000000000e+00,3.267201794061433320e-03,2.151549041063444134e-02,7.670638366208949824e-06,7.670638366208892226e-06,0.000000000000000000e+00,0.000000000000000000e+00,0.000000000000000000e+00,0.000000000000000000e+00,0.000000000000000000e+00,0.000000000000000000e+00,0.000000000000000000e+00,0.000000000000000000e+00,0.000000000000000000e+00,2.171911836582204186e-02,9.282884213950154395e-04,0.000000000000000000e+00,0.000000000000000000e+00,0.000000000000000000e+00,0.000000000000000000e+00,0.000000000000000000e+00,7.670638366208915943e-06,7.670638366208961683e-06,7.670638366209258144e-06,7.670638366208915943e-06,0.000000000000000000e+00,0.000000000000000000e+00,0.000000000000000000e+00,0.000000000000000000e+00,0.000000000000000000e+00,0.000000000000000000e+00,0.000000000000000000e+00,0.000000000000000000e+00,1.866457272820216473e-03,0.000000000000000000e+00,0.000000000000000000e+00,0.000000000000000000e+00,0.000000000000000000e+00,0.000000000000000000e+00,5.119838247146960242e-06,7.670638366208932884e-06,7.670638366208915943e-06,7.670638366208897308e-06,7.670638366208892226e-06,7.670638366208927801e-06,0.000000000000000000e+00,0.000000000000000000e+00,0.000000000000000000e+00,0.000000000000000000e+00,2.948968385252114314e-06,0.000000000000000000e+00,0.000000000000000000e+00,0.000000000000000000e+00,0.000000000000000000e+00,0.000000000000000000e+00,0.000000000000000000e+00,0.000000000000000000e+00,8.165739770247816094e-21,0.000000000000000000e+00,7.670638366208927801e-06,7.670638366209181911e-06,7.670638366208892226e-06,7.670638366208892226e-06,7.670638366208892226e-06,0.000000000000000000e+00,0.000000000000000000e+00,0.000000000000000000e+00,0.000000000000000000e+00,7.670638366208914249e-06,7.670638366208892226e-06,7.670638366208899002e-06,0.000000000000000000e+00,0.000000000000000000e+00,7.670638366208921025e-06,1.342213825169884592e-02,7.670638366208927801e-06,7.670638366209146336e-06,0.000000000000000000e+00,0.000000000000000000e+00,0.000000000000000000e+00,0.000000000000000000e+00,7.670638366208892226e-06,7.670638366208892226e-06,0.000000000000000000e+00,0.000000000000000000e+00,0.000000000000000000e+00,0.000000000000000000e+00,0.000000000000000000e+00,2.266069923162513234e-05,2.266069923162513234e-05,7.670638366209088738e-06,0.000000000000000000e+00,0.000000000000000000e+00,1.042352815229243695e-02,3.157484747405366770e-04,0.000000000000000000e+00,0.000000000000000000e+00,0.000000000000000000e+00,0.000000000000000000e+00,6.006081290584932844e-20,0.000000000000000000e+00,0.000000000000000000e+00,0.000000000000000000e+00,0.000000000000000000e+00,0.000000000000000000e+00,0.000000000000000000e+00,0.000000000000000000e+00,0.000000000000000000e+00,2.266069923162522721e-05,2.228032491269414759e-04,2.266069923162513573e-05,5.665088396398727233e-06,1.499006086541622826e-05,0.000000000000000000e+00,0.000000000000000000e+00,2.415439326155397346e-05,2.619676815324697495e-05,1.440362623329655959e-06,0.000000000000000000e+00,0.000000000000000000e+00,0.000000000000000000e+00,0.000000000000000000e+00,0.000000000000000000e+00,0.000000000000000000e+00,0.000000000000000000e+00,0.000000000000000000e+00,0.000000000000000000e+00,0.000000000000000000e+00,3.569085113981871303e-03,3.962222739654051602e-05,4.118682901866337770e-05,2.974162158458936757e-03,2.545172994144737945e-03,5.560503789458591008e-03,1.244974635924558926e-02,0.000000000000000000e+00,0.000000000000000000e+00,0.000000000000000000e+00,0.000000000000000000e+00,0.000000000000000000e+00,0.000000000000000000e+00,0.000000000000000000e+00,0.000000000000000000e+00,0.000000000000000000e+00,0.000000000000000000e+00,0.000000000000000000e+00,0.000000000000000000e+00,0.000000000000000000e+00
0.000000000000000000e+00,0.000000000000000000e+00,0.000000000000000000e+00,0.000000000000000000e+00,0.000000000000000000e+00,0.000000000000000000e+00,0.000000000000000000e+00,0.000000000000000000e+00,0.000000000000000000e+00,1.097233846039039068e-04,1.461023422491290258e-04,1.461023422491287006e-04,1.461023422491295951e-04,7.099954073013394276e-03,4.984206067308250693e-03,1.516654998345888615e-05,6.871411363868467803e-22,5.103863244773528852e-03,3.861133594469128212e-04,2.442081043926994099e-02,0.000000000000000000e+00,0.000000000000000000e+00,0.000000000000000000e+00,0.000000000000000000e+00,0.000000000000000000e+00,0.000000000000000000e+00,0.000000000000000000e+00,0.000000000000000000e+00,4.539464986740883288e-20,4.002195851019869018e-22,2.494162049440005887e-19,2.293088230459266672e-03,2.293088230459266672e-03,0.000000000000000000e+00,0.000000000000000000e+00,0.000000000000000000e+00,0.000000000000000000e+00,1.838573059009050345e-37,3.433074931878429392e-04,4.321998948535773002e-03,0.000000000000000000e+00,0.000000000000000000e+00,0.000000000000000000e+00,0.000000000000000000e+00,0.000000000000000000e+00,1.475663561869599916e-21,0.000000000000000000e+00,0.000000000000000000e+00,0.000000000000000000e+00,0.000000000000000000e+00,0.000000000000000000e+00,2.293088230459266672e-03,2.144383873026063647e-02,1.822461823643230228e-02,0.000000000000000000e+00,0.000000000000000000e+00,0.000000000000000000e+00,0.000000000000000000e+00,0.000000000000000000e+00,2.057664729487504538e-03,0.000000000000000000e+00,0.000000000000000000e+00,0.000000000000000000e+00,1.469206372831625279e-02,0.000000000000000000e+00,3.155471387245889312e-20,-3.677146118018100689e-37,8.546199808491895416e-21,0.000000000000000000e+00,0.000000000000000000e+00,0.000000000000000000e+00,2.293088230459266672e-03,2.293088230459266672e-03,0.000000000000000000e+00,0.000000000000000000e+00,0.000000000000000000e+00,0.000000000000000000e+00,0.000000000000000000e+00,1.529911490370495610e-21,1.516654998345887260e-05,0.000000000000000000e+00,0.000000000000000000e+00,9.316347832840604203e-04,9.316347832840607456e-04,0.000000000000000000e+00,0.000000000000000000e+00,0.000000000000000000e+00,0.000000000000000000e+00,0.000000000000000000e+00,0.000000000000000000e+00,0.000000000000000000e+00,0.000000000000000000e+00,0.000000000000000000e+00,0.000000000000000000e+00,0.000000000000000000e+00,0.000000000000000000e+00,0.000000000000000000e+00,0.000000000000000000e+00,0.000000000000000000e+00,2.422030302318602807e-03,0.000000000000000000e+00,0.000000000000000000e+00,1.069591583242446747e-22,0.000000000000000000e+00,0.000000000000000000e+00,0.000000000000000000e+00,0.000000000000000000e+00,0.000000000000000000e+00,6.041020353401784643e-03,0.000000000000000000e+00,0.000000000000000000e+00,0.000000000000000000e+00,0.000000000000000000e+00,3.923780042194842214e-04,0.000000000000000000e+00,0.000000000000000000e+00,1.044770923933039682e-04,3.923780042194825951e-04,3.025373263715945928e-04,0.000000000000000000e+00,0.000000000000000000e+00,0.000000000000000000e+00,1.028719198406706159e-21,3.083798116208295617e-22,0.000000000000000000e+00,0.000000000000000000e+00,0.000000000000000000e+00,5.737275434186988460e-03,3.555250184745695663e-04,6.817855960556586797e-03,1.478098070889637128e-02,1.171617452006198587e-02,7.447390530327562593e-04,0.000000000000000000e+00,0.000000000000000000e+00,0.000000000000000000e+00,0.000000000000000000e+00,4.135055144961006920e-20,0.000000000000000000e+00,0.000000000000000000e+00,0.000000000000000000e+00,8.903844534679234216e-03,4.565165745753185079e-05,0.000000000000000000e+00,0.000000000000000000e+00,4.031241184037265486e-19,8.172767722716314798e-03,5.737275434186988460e-03,5.531195284391833035e-03,2.093909312895451957e-02,1.665060862859799040e-02,0.000000000000000000e+00,0.000000000000000000e+00,0.000000000000000000e+00,0.000000000000000000e+00,0.000000000000000000e+00,0.000000000000000000e+00,0.000000000000000000e+00,0.000000000000000000e+00,0.000000000000000000e+00,0.000000000000000000e+00,6.624157554757273669e-21,0.000000000000000000e+00,0.000000000000000000e+00,0.000000000000000000e+00,0.000000000000000000e+00,2.153057827476752978e-02,0.000000000000000000e+00,7.137373078979560546e-03,3.765086956604945384e-02,2.953269265442248076e-02,0.000000000000000000e+00,0.000000000000000000e+00,0.000000000000000000e+00,0.000000000000000000e+00,0.000000000000000000e+00,0.000000000000000000e+00,0.000000000000000000e+00,0.000000000000000000e+00,0.000000000000000000e+00,1.349732262949708203e-02,0.000000000000000000e+00,0.000000000000000000e+00,0.000000000000000000e+00,0.000000000000000000e+00,2.913029688401674172e-02,2.913029688401674172e-02,3.325944763860785164e-02,6.362972444660623672e-02,4.658298738118509669e-02,0.000000000000000000e+00,0.000000000000000000e+00,0.000000000000000000e+00,0.000000000000000000e+00,0.000000000000000000e+00,0.000000000000000000e+00,0.000000000000000000e+00,0.000000000000000000e+00,0.000000000000000000e+00,0.000000000000000000e+00,9.508349892372411783e-04,0.000000000000000000e+00,0.000000000000000000e+00,1.209217480589998284e-02,0.000000000000000000e+00,5.909627291860823899e-04,3.269733086776147740e-02,3.744235352075309109e-02,3.655924005352059747e-02,2.383916301701970858e-02,7.179514015587092936e-03,7.926759624970582466e-03,0.000000000000000000e+00,6.024155086713856369e-03,1.276500012139448505e-02,0.000000000000000000e+00,1.516654998345874385e-05,6.169608463353832770e-03,0.000000000000000000e+00,0.000000000000000000e+00,1.100092843841051260e-20,0.000000000000000000e+00,0.000000000000000000e+00,0.000000000000000000e+00,0.000000000000000000e+00,1.995276004928887501e-02,1.022973906532263257e-03,3.912234753897979311e-02,7.642367329975526674e-03,3.140543894914372969e-02,2.000092245408032626e-02,2.669005938567153846e-02,7.938076609610900461e-03,1.866540796129492492e-03,0.000000000000000000e+00,0.000000000000000000e+00,3.835319183104446113e-05,4.137709379773090411e-03,0.000000000000000000e+00,0.000000000000000000e+00,0.000000000000000000e+00,1.739438325320286430e-02,0.000000000000000000e+00,0.000000000000000000e+00,0.000000000000000000e+00,0.000000000000000000e+00,2.836505348975653512e-03,2.836505348975653512e-03,0.000000000000000000e+00,0.000000000000000000e+00,9.990673549725055669e-04,7.926759624970582466e-03,0.000000000000000000e+00,1.891537880772408992e-03,1.245633655352520151e-02,3.835319183104474573e-05,3.835319183104446113e-05,0.000000000000000000e+00,0.000000000000000000e+00,0.000000000000000000e+00,0.000000000000000000e+00,0.000000000000000000e+00,0.000000000000000000e+00,0.000000000000000000e+00,0.000000000000000000e+00,0.000000000000000000e+00,1.257422642231802515e-02,4.641442106975077198e-03,0.000000000000000000e+00,0.000000000000000000e+00,0.000000000000000000e+00,0.000000000000000000e+00,0.000000000000000000e+00,3.835319183104458310e-05,3.835319183104480672e-05,3.835319183104629072e-05,3.835319183104458310e-05,0.000000000000000000e+00,0.000000000000000000e+00,0.000000000000000000e+00,0.000000000000000000e+00,0.000000000000000000e+00,0.000000000000000000e+00,0.000000000000000000e+00,0.000000000000000000e+00,1.080580526369598988e-03,0.000000000000000000e+00,0.000000000000000000e+00,0.000000000000000000e+00,0.000000000000000000e+00,0.000000000000000000e+00,2.559919123573480121e-05,3.835319183104466442e-05,3.835319183104458310e-05,3.835319183104448824e-05,3.835319183104446113e-05,3.835319183104463731e-05,0.000000000000000000e+00,0.000000000000000000e+00,0.000000000000000000e+00,0.000000000000000000e+00,1.474484192626057073e-05,0.000000000000000000e+00,0.000000000000000000e+00,0.000000000000000000e+00,0.000000000000000000e+00,0.000000000000000000e+00,0.000000000000000000e+00,0.000000000000000000e+00,4.727533551196104530e-21,0.000000000000000000e+00,3.835319183104463731e-05,3.835319183104591125e-05,3.835319183104446113e-05,3.835319183104446113e-05,3.835319183104446113e-05,0.000000000000000000e+00,0.000000000000000000e+00,0.000000000000000000e+00,0.000000000000000000e+00,3.835319183104452889e-05,3.835319183104446113e-05,3.835319183104449501e-05,0.000000000000000000e+00,0.000000000000000000e+00,3.835319183104460343e-05,1.587641308309131055e-02,3.835319183104463731e-05,3.835319183104573507e-05,0.000000000000000000e+00,0.000000000000000000e+00,0.000000000000000000e+00,0.000000000000000000e+00,3.835319183104446113e-05,3.835319183104446113e-05,0.000000000000000000e+00,0.000000000000000000e+00,0.000000000000000000e+00,0.000000000000000000e+00,0.000000000000000000e+00,1.133034961581256617e-04,1.133034961581256617e-04,3.835319183104544369e-05,0.000000000000000000e+00,0.000000000000000000e+00,8.469342595200841234e-03,1.578742373702683331e-03,0.000000000000000000e+00,0.000000000000000000e+00,0.000000000000000000e+00,0.000000000000000000e+00,3.003040645292466422e-19,0.000000000000000000e+00,0.000000000000000000e+00,0.000000000000000000e+00,0.000000000000000000e+00,0.000000000000000000e+00,0.000000000000000000e+00,0.000000000000000000e+00,0.000000000000000000e+00,1.133034961581259734e-04,1.114016245634707461e-03,1.133034961581256753e-04,2.832544198199363786e-05,7.495030432708114638e-05,0.000000000000000000e+00,0.000000000000000000e+00,1.398412241458387830e-05,1.516654998345877435e-05,8.338941503487481647e-07,0.000000000000000000e+00,0.000000000000000000e+00,0.000000000000000000e+00,0.000000000000000000e+00,0.000000000000000000e+00,0.000000000000000000e+00,0.000000000000000000e+00,0.000000000000000000e+00,0.000000000000000000e+00,0.000000000000000000e+00,2.856217697972019461e-03,1.231233282536029763e-04,9.011685431054001051e-05,1.399683235159275736e-02,9.613706556810319714e-03,4.114619271845310067e-03,1.674005821745257194e-02,0.000000000000000000e+00,0.000000000000000000e+00,0.000000000000000000e+00,0.000000000000000000e+00,0.000000000000000000e+00,0.000000000000000000e+00,0.000000000000000000e+00,0.000000000000000000e+00,0.000000000000000000e+00,0.000000000000000000e+00,0.000000000000000000e+00,0.000000000000000000e+00,0.000000000000000000e+00
0.000000000000000000e+00,0.000000000000000000e+00,0.000000000000000000e+00,0.000000000000000000e+00,0.000000000000000000e+00,0.000000000000000000e+00,0.000000000000000000e+00,0.000000000000000000e+00,0.000000000000000000e+00,2.992455943742834191e-05,3.984609334067157468e-05,3.984609334067146626e-05,3.984609334067171021e-05,1.936351110821835433e-03,1.531933205036743739e-03,4.136331813670604237e-06,1.874021281055037101e-22,9.163790382435796356e-03,6.718405888478879220e-04,4.393429533252934255e-02,0.000000000000000000e+00,0.000000000000000000e+00,0.000000000000000000e+00,0.000000000000000000e+00,0.000000000000000000e+00,0.000000000000000000e+00,0.000000000000000000e+00,0.000000000000000000e+00,1.238035905474786789e-20,1.091507959369055101e-22,6.802260134836379254e-20,4.127558814826680009e-03,4.127558814826680009e-03,0.000000000000000000e+00,0.000000000000000000e+00,0.000000000000000000e+00,0.000000000000000000e+00,5.014290160933777084e-38,6.179534877381172254e-04,1.686688147439254805e-03,0.000000000000000000e+00,0.000000000000000000e+00,0.000000000000000000e+00,0.000000000000000000e+00,0.000000000000000000e+00,4.024536986917091705e-22,0.000000000000000000e+00,0.000000000000000000e+00,0.000000000000000000e+00,0.000000000000000000e+00,0.000000000000000000e+00,4.127558814826680009e-03,6.770658640289431429e-03,4.970350428117900621e-03,0.000000000000000000e+00,0.000000000000000000e+00,0.000000000000000000e+00,0.000000000000000000e+00,0.000000000000000000e+00,3.703796513077508516e-03,0.000000000000000000e+00,0.000000000000000000e+00,0.000000000000000000e+00,5.429786867647359155e-03,0.000000000000000000e+00,8.605831056125147744e-21,-1.002858032186755417e-37,2.330781765952334156e-21,0.000000000000000000e+00,0.000000000000000000e+00,0.000000000000000000e+00,4.127558814826680009e-03,4.127558814826680009e-03,0.000000000000000000e+00,0.000000000000000000e+00,0.000000000000000000e+00,0.000000000000000000e+00,0.000000000000000000e+00,4.172485882828626101e-22,4.136331813670600849e-06,0.000000000000000000e+00,0.000000000000000000e+00,1.676942609911308800e-03,1.676942609911309234e-03,0.000000000000000000e+00,0.000000000000000000e+00,0.000000000000000000e+00,0.000000000000000000e+00,0.000000000000000000e+00,0.000000000000000000e+00,0.000000000000000000e+00,0.000000000000000000e+00,0.000000000000000000e+00,0.000000000000000000e+00,0.000000000000000000e+00,0.000000000000000000e+00,0.000000000000000000e+00,0.000000000000000000e+00,0.000000000000000000e+00,4.359654544173485052e-03,0.000000000000000000e+00,0.000000000000000000e+00,2.917067954297580969e-23,0.000000000000000000e+00,0.000000000000000000e+00,0.000000000000000000e+00,0.000000000000000000e+00,0.000000000000000000e+00,1.647551005473214467e-03,0.000000000000000000e+00,0.000000000000000000e+00,0.000000000000000000e+00,0.000000000000000000e+00,1.070121829689502915e-04,0.000000000000000000e+00,0.000000000000000000e+00,2.849375247090108593e-05,1.070121829689497494e-04,8.251017991952583255e-05,0.000000000000000000e+00,0.000000000000000000e+00,0.000000000000000000e+00,2.805597813836471856e-22,8.410358498749899273e-23,0.000000000000000000e+00,0.000000000000000000e+00,0.000000000000000000e+00,1.564711482050996222e-03,9.696136867488262378e-05,1.859415261969978375e-03,2.660576527601346900e-02,2.108911413611157248e-02,1.340530295458961267e-03,0.000000000000000000e+00,0.000000000000000000e+00,0.000000000000000000e+00,0.000000000000000000e+00,7.443099260929812456e-20,0.000000000000000000e+00,0.000000000000000000e+00,0.000000000000000000e+00,1.602692016242262055e-02,1.245045203387231986e-05,0.000000000000000000e+00,0.000000000000000000e+00,1.099429413828345439e-19,2.228936651649903247e-03,1.564711482050996222e-03,1.508507804834136046e-03,2.727764216508625494e-02,2.997109553147638342e-02,0.000000000000000000e+00,0.000000000000000000e+00,0.000000000000000000e+00,0.000000000000000000e+00,0.000000000000000000e+00,0.000000000000000000e+00,0.000000000000000000e+00,0.000000000000000000e+00,0.000000000000000000e+00,0.000000000000000000e+00,1.806588424024712232e-21,0.000000000000000000e+00,0.000000000000000000e+00,0.000000000000000000e+00,0.000000000000000000e+00,5.871975893118414058e-03,0.000000000000000000e+00,1.284727154216320881e-02,4.118825255798427842e-02,1.809528415496893319e-02,0.000000000000000000e+00,0.000000000000000000e+00,0.000000000000000000e+00,0.000000000000000000e+00,0.000000000000000000e+00,0.000000000000000000e+00,0.000000000000000000e+00,0.000000000000000000e+00,0.000000000000000000e+00,2.429518073309474765e-02,0.000000000000000000e+00,0.000000000000000000e+00,0.000000000000000000e+00,0.000000000000000000e+00,5.243453439123013649e-02,5.243453439123013649e-02,5.986700574949413434e-02,6.727284375963903107e-02,2.792434606312307888e-02,0.000000000000000000e+00,0.000000000000000000e+00,0.000000000000000000e+00,0.000000000000000000e+00,0.000000000000000000e+00,0.000000000000000000e+00,0.000000000000000000e+00,0.000000000000000000e+00,0.000000000000000000e+00,0.000000000000000000e+00,2.593186334283385623e-04,0.000000000000000000e+00,0.000000000000000000e+00,3.297865856154543612e-03,0.000000000000000000e+00,1.611716534143860669e-04,5.885519556197066349e-02,6.739623633735557229e-02,2.477138873618788678e-02,6.501589913732647164e-03,1.958049276978297837e-03,1.426816732494704844e-02,0.000000000000000000e+00,1.084347915608494146e-02,3.481363669471222722e-03,0.000000000000000000e+00,4.136331813670566967e-06,1.682620490005590913e-03,0.000000000000000000e+00,0.000000000000000000e+00,1.980167118913892118e-20,0.000000000000000000e+00,0.000000000000000000e+00,0.000000000000000000e+00,0.000000000000000000e+00,5.441661831624235168e-03,1.841353031758073818e-03,1.507014355498412922e-02,1.375626119395594905e-02,8.565119713402832846e-03,1.204713822701417372e-02,1.938543089604730790e-02,1.427125377530349612e-02,3.359773433033086745e-03,0.000000000000000000e+00,0.000000000000000000e+00,6.903574529588003003e-05,7.447876883591562740e-03,0.000000000000000000e+00,0.000000000000000000e+00,0.000000000000000000e+00,4.743922705418963937e-03,0.000000000000000000e+00,0.000000000000000000e+00,0.000000000000000000e+00,0.000000000000000000e+00,5.105709628156176322e-03,5.105709628156176322e-03,0.000000000000000000e+00,0.000000000000000000e+00,1.798321238950510064e-03,1.426816732494704844e-02,0.000000000000000000e+00,5.158739674833842312e-04,3.397182696415965153e-03,6.903574529588054503e-05,6.903574529588003003e-05,0.000000000000000000e+00,0.000000000000000000e+00,0.000000000000000000e+00,0.000000000000000000e+00,0.000000000000000000e+00,0.000000000000000000e+00,0.000000000000000000e+00,0.000000000000000000e+00,0.000000000000000000e+00,3.429334478814008436e-03,8.354595792555138956e-03,0.000000000000000000e+00,0.000000000000000000e+00,0.000000000000000000e+00,0.000000000000000000e+00,0.000000000000000000e+00,6.903574529588024688e-05,6.903574529588065345e-05,6.903574529588332330e-05,6.903574529588024688e-05,0.000000000000000000e+00,0.000000000000000000e+00,0.000000000000000000e+00,0.000000000000000000e+00,0.000000000000000000e+00,0.000000000000000000e+00,0.000000000000000000e+00,0.000000000000000000e+00,2.947037799189817196e-04,0.000000000000000000e+00,0.000000000000000000e+00,0.000000000000000000e+00,0.000000000000000000e+00,0.000000000000000000e+00,4.607854422432264556e-05,6.903574529588039595e-05,6.903574529588024688e-05,6.903574529588007069e-05,6.903574529588003003e-05,6.903574529588035530e-05,0.000000000000000000e+00,0.000000000000000000e+00,0.000000000000000000e+00,0.000000000000000000e+00,2.654071546726902798e-05,0.000000000000000000e+00,0.000000000000000000e+00,0.000000000000000000e+00,0.000000000000000000e+00,0.000000000000000000e+00,0.000000000000000000e+00,0.000000000000000000e+00,1.289327332144391461e-21,0.000000000000000000e+00,6.903574529588035530e-05,6.903574529588263212e-05,6.903574529588003003e-05,6.903574529588003003e-05,6.903574529588003003e-05,0.000000000000000000e+00,0.000000000000000000e+00,0.000000000000000000e+00,0.000000000000000000e+00,6.903574529588013846e-05,6.903574529588003003e-05,6.903574529588008424e-05,0.000000000000000000e+00,0.000000000000000000e+00,6.903574529588028753e-05,1.833068791448377519e-02,6.903574529588035530e-05,6.903574529588232041e-05,0.000000000000000000e+00,0.000000000000000000e+00,0.000000000000000000e+00,0.000000000000000000e+00,6.903574529588003003e-05,6.903574529588003003e-05,0.000000000000000000e+00,0.000000000000000000e+00,0.000000000000000000e+00,0.000000000000000000e+00,0.000000000000000000e+00,2.039462930846261911e-04,2.039462930846261911e-04,6.903574529588179186e-05,0.000000000000000000e+00,0.000000000000000000e+00,6.515157038109243778e-03,2.841736272664830039e-03,0.000000000000000000e+00,0.000000000000000000e+00,0.000000000000000000e+00,0.000000000000000000e+00,5.405473161526439559e-19,0.000000000000000000e+00,0.000000000000000000e+00,0.000000000000000000e+00,0.000000000000000000e+00,0.000000000000000000e+00,0.000000000000000000e+00,0.000000000000000000e+00,0.000000000000000000e+00,2.039462930846267332e-04,2.005229242142473473e-03,2.039462930846262182e-04,5.098579556758854679e-05,1.349105477887460526e-04,0.000000000000000000e+00,0.000000000000000000e+00,3.813851567613786532e-06,4.136331813670573743e-06,2.274256773678405818e-07,0.000000000000000000e+00,0.000000000000000000e+00,0.000000000000000000e+00,0.000000000000000000e+00,0.000000000000000000e+00,0.000000000000000000e+00,0.000000000000000000e+00,0.000000000000000000e+00,0.000000000000000000e+00,0.000000000000000000e+00,2.143350281962167619e-03,2.066244291106654365e-04,1.390468796024166569e-04,2.501950254472658230e-02,1.668224011947589888e-02,2.668734754232028258e-03,2.103037007565955463e-02,0.000000000000000000e+00,0.000000000000000000e+00,0.000000000000000000e+00,0.000000000000000000e+00,0.000000000000000000e+00,0.000000000000000000e+00,0.000000000000000000e+00,0.000000000000000000e+00,0.000000000000000000e+00,0.000000000000000000e+00,0.000000000000000000e+00,0.000000000000000000e+00,0.000000000000000000e+00
0.000000000000000000e+00,0.000000000000000000e+00,0.000000000000000000e+00,0.000000000000000000e+00,0.000000000000000000e+00,0.000000000000000000e+00,0.000000000000000000e+00,0.000000000000000000e+00,0.000000000000000000e+00,5.342717403346139407e-06,5.342717403346120773e-06,5.342717403346125855e-06,6.262267858993321099e-03,6.124040342109862711e-05,1.861662463061492564e-04,5.342717403346120773e-06,5.342717403346523960e-06,8.147257429067456674e-03,5.988576125448726289e-04,3.905437294026171957e-02,0.000000000000000000e+00,0.000000000000000000e+00,0.000000000000000000e+00,0.000000000000000000e+00,0.000000000000000000e+00,0.000000000000000000e+00,0.000000000000000000e+00,1.585655515716129509e-20,8.430325571634475578e-20,0.000000000000000000e+00,0.000000000000000000e+00,3.673551043480264254e-03,4.576603455176338729e-03,5.342717403346120773e-06,5.342717403346412152e-06,5.342717403346163124e-06,5.342717403346125855e-06,5.342717403346120773e-06,5.546347065038951304e-04,5.374925056152014911e-04,0.000000000000000000e+00,0.000000000000000000e+00,0.000000000000000000e+00,0.000000000000000000e+00,5.342717403346438410e-06,3.982620785463076806e-21,4.649587872998969357e-21,0.000000000000000000e+00,0.000000000000000000e+00,0.000000000000000000e+00,0.000000000000000000e+00,4.519336552781896311e-03,9.662598907049394035e-04,6.724165352732481508e-04,4.117279402540678255e-04,5.342717403346139407e-06,5.342717403346407917e-06,5.342717403346407917e-06,5.342717403346530737e-06,3.297606284583354079e-03,0.000000000000000000e+00,0.000000000000000000e+00,0.000000000000000000e+00,1.495369884114704489e-03,2.849142669697538754e-21,0.000000000000000000e+00,0.000000000000000000e+00,0.000000000000000000e+00,0.000000000000000000e+00,0.000000000000000000e+00,8.503953840470696371e-04,3.668941168734826674e-03,3.668941168734826674e-03,0.000000000000000000e+00,0.000000000000000000e+00,0.000000000000000000e+00,0.000000000000000000e+00,4.325397462076607434e-19,0.000000000000000000e+00,0.000000000000000000e+00,0.000000000000000000e+00,0.000000000000000000e+00,1.495958370657843100e-03,1.490615653254497193e-03,0.000000000000000000e+00,0.000000000000000000e+00,0.000000000000000000e+00,0.000000000000000000e+00,0.000000000000000000e+00,0.000000000000000000e+00,0.000000000000000000e+00,0.000000000000000000e+00,0.000000000000000000e+00,0.000000000000000000e+00,0.000000000000000000e+00,0.000000000000000000e+00,0.000000000000000000e+00,2.408176020130554064e-20,0.000000000000000000e+00,5.473946402697356731e-03,0.000000000000000000e+00,0.000000000000000000e+00,5.899525179147945228e-21,0.000000000000000000e+00,0.000000000000000000e+00,0.000000000000000000e+00,0.000000000000000000e+00,0.000000000000000000e+00,0.000000000000000000e+00,0.000000000000000000e+00,0.000000000000000000e+00,0.000000000000000000e+00,0.000000000000000000e+00,0.000000000000000000e+00,4.466804247073373479e-03,3.137354959159566583e-19,0.000000000000000000e+00,0.000000000000000000e+00,1.639751406881539584e-03,2.001120223200639290e-03,0.000000000000000000e+00,0.000000000000000000e+00,0.000000000000000000e+00,0.000000000000000000e+00,0.000000000000000000e+00,0.000000000000000000e+00,0.000000000000000000e+00,0.000000000000000000e+00,1.075404514228767900e-20,0.000000000000000000e+00,2.364956913423419543e-02,1.874587923209918017e-02,1.191582484852410015e-03,0.000000000000000000e+00,6.397350616196846584e-03,0.000000000000000000e+00,0.000000000000000000e+00,5.976095357901036804e-05,5.976095357901000890e-05,1.459138563584432176e-03,0.000000000000000000e+00,1.424615125548677613e-02,0.000000000000000000e+00,0.000000000000000000e+00,0.000000000000000000e+00,0.000000000000000000e+00,0.000000000000000000e+00,8.430325571634475578e-20,6.529975949920680672e-03,3.205408484465947089e-02,2.664097380575678603e-02,0.000000000000000000e+00,0.000000000000000000e+00,0.000000000000000000e+00,0.000000000000000000e+00,0.000000000000000000e+00,4.769406734958192735e-03,0.000000000000000000e+00,0.000000000000000000e+00,0.000000000000000000e+00,0.000000000000000000e+00,0.000000000000000000e+00,0.000000000000000000e+00,4.525098990750527321e-21,4.525098990750535596e-21,0.000000000000000000e+00,0.000000000000000000e+00,2.842618369818618752e-03,2.628654901022884488e-02,4.294310415455026425e-02,1.347368236291228774e-02,2.607857759765096206e-03,0.000000000000000000e+00,0.000000000000000000e+00,0.000000000000000000e+00,0.000000000000000000e+00,0.000000000000000000e+00,0.000000000000000000e+00,0.000000000000000000e+00,0.000000000000000000e+00,2.159571620719533125e-02,0.000000000000000000e+00,0.000000000000000000e+00,0.000000000000000000e+00,0.000000000000000000e+00,4.660847501442678953e-02,4.660847501442678953e-02,6.315420349863397342e-02,7.687546943548489997e-02,3.249551016139511084e-02,1.549038630303145939e-02,0.000000000000000000e+00,0.000000000000000000e+00,0.000000000000000000e+00,0.000000000000000000e+00,0.000000000000000000e+00,4.656637473740279848e-21,0.000000000000000000e+00,0.000000000000000000e+00,0.000000000000000000e+00,0.000000000000000000e+00,0.000000000000000000e+00,0.000000000000000000e+00,6.397350616196846584e-03,0.000000000000000000e+00,9.822894083226065345e-03,6.747722048524862348e-02,8.142408907002481044e-02,2.804930625549849343e-02,0.000000000000000000e+00,0.000000000000000000e+00,1.273545025598866835e-02,0.000000000000000000e+00,9.638648138742170191e-03,0.000000000000000000e+00,0.000000000000000000e+00,1.607688093978340401e-06,0.000000000000000000e+00,0.000000000000000000e+00,0.000000000000000000e+00,1.760148550145682016e-20,0.000000000000000000e+00,0.000000000000000000e+00,1.863158363004603331e-03,0.000000000000000000e+00,0.000000000000000000e+00,1.636758250451621124e-03,4.609955855989148268e-03,1.222778772796084303e-02,0.000000000000000000e+00,6.906262203325231469e-03,1.268281539995293195e-02,1.268281539995293195e-02,2.986465273807188507e-03,5.342717403346163124e-06,5.342717403346146184e-06,6.670782433301726197e-05,6.625677725040291649e-03,0.000000000000000000e+00,0.000000000000000000e+00,1.310490492664216373e-03,0.000000000000000000e+00,5.976095357901000890e-05,5.976095357901000890e-05,0.000000000000000000e+00,0.000000000000000000e+00,4.538408558361045619e-03,4.538408558361045619e-03,0.000000000000000000e+00,0.000000000000000000e+00,1.598507767956008994e-03,1.268281539995293195e-02,0.000000000000000000e+00,5.342717403346124161e-06,5.342717403346130937e-06,6.670782433301776341e-05,8.155238053894838662e-03,0.000000000000000000e+00,0.000000000000000000e+00,0.000000000000000000e+00,1.629588612510894392e-03,0.000000000000000000e+00,0.000000000000000000e+00,0.000000000000000000e+00,2.585710341590319598e-19,0.000000000000000000e+00,0.000000000000000000e+00,7.426307371160123516e-03,0.000000000000000000e+00,0.000000000000000000e+00,0.000000000000000000e+00,0.000000000000000000e+00,0.000000000000000000e+00,6.670782433301746526e-05,6.670782433301812933e-05,6.670782433302018932e-05,6.670782433301745170e-05,0.000000000000000000e+00,0.000000000000000000e+00,0.000000000000000000e+00,1.629588612510894392e-03,0.000000000000000000e+00,0.000000000000000000e+00,0.000000000000000000e+00,3.894726777786895416e-20,0.000000000000000000e+00,0.000000000000000000e+00,0.000000000000000000e+00,0.000000000000000000e+00,0.000000000000000000e+00,0.000000000000000000e+00,4.095870597717569549e-05,6.136510692967146307e-05,6.670782433301816999e-05,6.670782433301732973e-05,6.670782433301726197e-05,6.670782433301753302e-05,0.000000000000000000e+00,0.000000000000000000e+00,0.000000000000000000e+00,1.629588612510894392e-03,4.677524194821825409e-05,0.000000000000000000e+00,0.000000000000000000e+00,0.000000000000000000e+00,0.000000000000000000e+00,0.000000000000000000e+00,0.000000000000000000e+00,0.000000000000000000e+00,0.000000000000000000e+00,0.000000000000000000e+00,6.136510692967143596e-05,6.136510692967344174e-05,6.670782433301726197e-05,6.670782433301731618e-05,6.670782433301726197e-05,0.000000000000000000e+00,0.000000000000000000e+00,0.000000000000000000e+00,0.000000000000000000e+00,1.440557651292893393e-03,6.136510692967113781e-05,6.136510692967130044e-05,4.525098990750535596e-21,0.000000000000000000e+00,6.136510692967136820e-05,1.466745979143310383e-02,6.136510692967140886e-05,6.136510692967317069e-05,1.205115327694817811e-20,0.000000000000000000e+00,0.000000000000000000e+00,0.000000000000000000e+00,6.670782433301726197e-05,6.670782433301726197e-05,0.000000000000000000e+00,0.000000000000000000e+00,0.000000000000000000e+00,0.000000000000000000e+00,0.000000000000000000e+00,2.121762873763036444e-04,1.812855938530010588e-04,6.136510692967318424e-05,0.000000000000000000e+00,1.095327867683795146e-03,4.405590441295157561e-03,2.525987797924293416e-03,0.000000000000000000e+00,0.000000000000000000e+00,0.000000000000000000e+00,0.000000000000000000e+00,4.804865032467946275e-19,0.000000000000000000e+00,0.000000000000000000e+00,0.000000000000000000e+00,0.000000000000000000e+00,0.000000000000000000e+00,0.000000000000000000e+00,0.000000000000000000e+00,0.000000000000000000e+00,2.121762873763039425e-04,1.782425993015531590e-03,1.812855938530010859e-04,4.532070717118981786e-05,1.199204869233298261e-04,5.954560802067546078e-04,0.000000000000000000e+00,1.146871796443443341e-20,0.000000000000000000e+00,0.000000000000000000e+00,0.000000000000000000e+00,0.000000000000000000e+00,0.000000000000000000e+00,0.000000000000000000e+00,0.000000000000000000e+00,0.000000000000000000e+00,0.000000000000000000e+00,0.000000000000000000e+00,0.000000000000000000e+00,0.000000000000000000e+00,5.307322185717066459e-03,2.023539779605795482e-04,1.199204869233298261e-04,2.512272532917118190e-02,1.768063726312529491e-02,1.620211855334893931e-03,1.724894249332356230e-02,0.000000000000000000e+00,0.000000000000000000e+00,0.000000000000000000e+00,0.000000000000000000e+00,0.000000000000000000e+00,0.000000000000000000e+00,0.000000000000000000e+00,0.000000000000000000e+00,0.000000000000000000e+00,0.000000000000000000e+00,0.000000000000000000e+00,0.000000000000000000e+00,0.000000000000000000e+00
0.000000000000000000e+00,0.000000000000000000e+00,0.000000000000000000e+00,0.000000000000000000e+00,0.000000000000000000e+00,0.000000000000000000e+00,0.000000000000000000e+00,0.000000000000000000e+00,0.000000000000000000e+00,1.389106524869996178e-05,1.389106524869991435e-05,1.389106524869992790e-05,1.628189643338263243e-02,1.592250488948564332e-04,1.043028297001015025e-04,1.389106524869991435e-05,1.389106524870096297e-05,4.084848421080755632e-03,3.106485128194632294e-04,1.953840617667788881e-02,0.000000000000000000e+00,0.000000000000000000e+00,0.000000000000000000e+00,0.000000000000000000e+00,0.000000000000000000e+00,0.000000000000000000e+00,0.000000000000000000e+00,4.122704340861936724e-20,2.191884648624963987e-19,0.000000000000000000e+00,0.000000000000000000e+00,1.846456258705550697e-03,4.194392529115345200e-03,1.389106524869991435e-05,1.389106524870067160e-05,1.389106524870002446e-05,1.389106524869992790e-05,1.389106524869991435e-05,2.885370597989749680e-04,2.799659593546276063e-04,0.000000000000000000e+00,0.000000000000000000e+00,0.000000000000000000e+00,0.000000000000000000e+00,1.389106524870074105e-05,1.035481404220399985e-20,1.208892846979732033e-20,0.000000000000000000e+00,0.000000000000000000e+00,0.000000000000000000e+00,0.000000000000000000e+00,4.045498582889794394e-03,4.831299453524697017e-04,1.748282991710445192e-03,1.070492644660576368e-03,1.389106524869996178e-05,1.389106524870066143e-05,1.389106524870066143e-05,1.389106524870097992e-05,1.660022848838703900e-03,0.000000000000000000e+00,0.000000000000000000e+00,0.000000000000000000e+00,7.576688268637883465e-04,7.407770941213600459e-21,0.000000000000000000e+00,0.000000000000000000e+00,0.000000000000000000e+00,0.000000000000000000e+00,0.000000000000000000e+00,2.211027998522381056e-03,1.834470584367413337e-03,1.834470584367413337e-03,0.000000000000000000e+00,0.000000000000000000e+00,0.000000000000000000e+00,0.000000000000000000e+00,1.124603340139917913e-18,0.000000000000000000e+00,0.000000000000000000e+00,0.000000000000000000e+00,0.000000000000000000e+00,7.591988918759485193e-04,7.453078266272485965e-04,0.000000000000000000e+00,0.000000000000000000e+00,0.000000000000000000e+00,0.000000000000000000e+00,0.000000000000000000e+00,0.000000000000000000e+00,0.000000000000000000e+00,0.000000000000000000e+00,0.000000000000000000e+00,0.000000000000000000e+00,0.000000000000000000e+00,0.000000000000000000e+00,0.000000000000000000e+00,6.261257652339440146e-20,0.000000000000000000e+00,6.094238831222622069e-03,0.000000000000000000e+00,0.000000000000000000e+00,1.533876546578465910e-20,0.000000000000000000e+00,0.000000000000000000e+00,0.000000000000000000e+00,0.000000000000000000e+00,0.000000000000000000e+00,0.000000000000000000e+00,0.000000000000000000e+00,0.000000000000000000e+00,0.000000000000000000e+00,0.000000000000000000e+00,0.000000000000000000e+00,1.161369104239077035e-02,8.157122893814873500e-19,0.000000000000000000e+00,0.000000000000000000e+00,4.263353657892003136e-03,5.202912580321662761e-03,0.000000000000000000e+00,0.000000000000000000e+00,0.000000000000000000e+00,0.000000000000000000e+00,0.000000000000000000e+00,0.000000000000000000e+00,0.000000000000000000e+00,0.000000000000000000e+00,2.796051736994796751e-20,0.000000000000000000e+00,1.182478456711709772e-02,9.372939616049590084e-03,5.957912424262051159e-04,0.000000000000000000e+00,1.663311160211180043e-02,0.000000000000000000e+00,0.000000000000000000e+00,1.553784793054268254e-04,1.553784793054260394e-04,3.793760265319523484e-03,0.000000000000000000e+00,7.123075627743388066e-03,0.000000000000000000e+00,0.000000000000000000e+00,0.000000000000000000e+00,0.000000000000000000e+00,0.000000000000000000e+00,2.191884648624963987e-19,1.697793746979377183e-02,3.589326371029756546e-02,1.332048690287839302e-02,0.000000000000000000e+00,0.000000000000000000e+00,0.000000000000000000e+00,0.000000000000000000e+00,0.000000000000000000e+00,1.240045751089130163e-02,0.000000000000000000e+00,0.000000000000000000e+00,0.000000000000000000e+00,0.000000000000000000e+00,0.000000000000000000e+00,0.000000000000000000e+00,1.176525737595136998e-20,1.176525737595139255e-20,0.000000000000000000e+00,0.000000000000000000e+00,7.390807761528408147e-03,4.436345388122366756e-02,4.362843691389493850e-02,1.294156459529378390e-02,6.780430175389250483e-03,0.000000000000000000e+00,0.000000000000000000e+00,0.000000000000000000e+00,0.000000000000000000e+00,0.000000000000000000e+00,0.000000000000000000e+00,0.000000000000000000e+00,0.000000000000000000e+00,1.079785810359766215e-02,0.000000000000000000e+00,0.000000000000000000e+00,0.000000000000000000e+00,0.000000000000000000e+00,2.330423750721339476e-02,2.330423750721339476e-02,5.244918503072595883e-02,9.005379892901863026e-02,5.100455750946755740e-02,4.027500438788179926e-02,0.000000000000000000e+00,0.000000000000000000e+00,0.000000000000000000e+00,0.000000000000000000e+00,0.000000000000000000e+00,1.210725743172472790e-20,0.000000000000000000e+00,0.000000000000000000e+00,0.000000000000000000e+00,0.000000000000000000e+00,0.000000000000000000e+00,0.000000000000000000e+00,1.663311160211180043e-02,0.000000000000000000e+00,2.553952461638776816e-02,6.557774154596786309e-02,8.589632375233413608e-02,4.036668507679508355e-02,0.000000000000000000e+00,0.000000000000000000e+00,6.478258325669380979e-03,0.000000000000000000e+00,4.819324069371085095e-03,0.000000000000000000e+00,0.000000000000000000e+00,4.179989044343684746e-06,0.000000000000000000e+00,0.000000000000000000e+00,0.000000000000000000e+00,8.800742750728410081e-21,0.000000000000000000e+00,0.000000000000000000e+00,4.844211743811968791e-03,0.000000000000000000e+00,0.000000000000000000e+00,8.183791252258105619e-04,2.304977927994574134e-03,6.113893863980420645e-03,0.000000000000000000e+00,3.453131101662615735e-03,6.341407699976465973e-03,6.341407699976465973e-03,1.493232636903594254e-03,1.389106524870002446e-05,1.389106524869998042e-05,4.457361871353549850e-05,3.324058569067173119e-03,0.000000000000000000e+00,0.000000000000000000e+00,3.407275280926962656e-03,0.000000000000000000e+00,1.553784793054260394e-04,1.553784793054260394e-04,0.000000000000000000e+00,0.000000000000000000e+00,2.269204279180522810e-03,2.269204279180522810e-03,0.000000000000000000e+00,0.000000000000000000e+00,7.992538839780044969e-04,6.341407699976465973e-03,0.000000000000000000e+00,1.389106524869992282e-05,1.389106524869993976e-05,4.457361871353582376e-05,2.107475221557426892e-02,0.000000000000000000e+00,0.000000000000000000e+00,0.000000000000000000e+00,4.236930392528324811e-03,0.000000000000000000e+00,0.000000000000000000e+00,0.000000000000000000e+00,6.722846888134831050e-19,0.000000000000000000e+00,0.000000000000000000e+00,3.713153685580061758e-03,0.000000000000000000e+00,0.000000000000000000e+00,0.000000000000000000e+00,0.000000000000000000e+00,0.000000000000000000e+00,4.457361871353562725e-05,4.457361871353657592e-05,4.457361871353694862e-05,4.457361871353557304e-05,0.000000000000000000e+00,0.000000000000000000e+00,0.000000000000000000e+00,4.236930392528324811e-03,0.000000000000000000e+00,0.000000000000000000e+00,0.000000000000000000e+00,1.012628962224592760e-19,0.000000000000000000e+00,0.000000000000000000e+00,0.000000000000000000e+00,0.000000000000000000e+00,0.000000000000000000e+00,0.000000000000000000e+00,2.047935298858786807e-05,3.068255346483572476e-05,4.457361871353746362e-05,4.457361871353559337e-05,4.457361871353547817e-05,4.457361871353561370e-05,0.000000000000000000e+00,0.000000000000000000e+00,0.000000000000000000e+00,4.236930392528324811e-03,7.207296019313193811e-05,0.000000000000000000e+00,0.000000000000000000e+00,0.000000000000000000e+00,0.000000000000000000e+00,0.000000000000000000e+00,0.000000000000000000e+00,0.000000000000000000e+00,0.000000000000000000e+00,0.000000000000000000e+00,3.068255346483571798e-05,3.068255346483672087e-05,4.457361871353547817e-05,4.457361871353562725e-05,4.457361871353547817e-05,0.000000000000000000e+00,0.000000000000000000e+00,0.000000000000000000e+00,0.000000000000000000e+00,3.616583168809213607e-03,3.068255346483556890e-05,3.068255346483586706e-05,1.176525737595139255e-20,0.000000000000000000e+00,3.068255346483567732e-05,7.333729895716551914e-03,3.068255346483570443e-05,3.068255346483658534e-05,3.133299852006525947e-20,0.000000000000000000e+00,0.000000000000000000e+00,0.000000000000000000e+00,4.457361871353547817e-05,4.457361871353547817e-05,0.000000000000000000e+00,0.000000000000000000e+00,0.000000000000000000e+00,0.000000000000000000e+00,0.000000000000000000e+00,1.709586000870872520e-04,9.064279692650050227e-05,3.068255346483758823e-05,0.000000000000000000e+00,2.847852455977867119e-03,2.202795220647578781e-03,1.262993898962146925e-03,0.000000000000000000e+00,0.000000000000000000e+00,0.000000000000000000e+00,0.000000000000000000e+00,2.402432516233972656e-19,0.000000000000000000e+00,0.000000000000000000e+00,0.000000000000000000e+00,0.000000000000000000e+00,0.000000000000000000e+00,0.000000000000000000e+00,0.000000000000000000e+00,0.000000000000000000e+00,1.709586000870870351e-04,8.912129965077657950e-04,9.064279692650055648e-05,2.266035358559491571e-05,5.996024346166491982e-05,1.548185808537562089e-03,0.000000000000000000e+00,2.981866670752952897e-20,0.000000000000000000e+00,0.000000000000000000e+00,0.000000000000000000e+00,0.000000000000000000e+00,0.000000000000000000e+00,0.000000000000000000e+00,0.000000000000000000e+00,0.000000000000000000e+00,0.000000000000000000e+00,0.000000000000000000e+00,0.000000000000000000e+00,0.000000000000000000e+00,1.079739768133081493e-02,1.454205956062046019e-04,5.996024346166491982e-05,1.867427966840225217e-02,1.503695255536497202e-02,8.101059276674469657e-04,8.624471246661781151e-03,0.000000000000000000e+00,0.000000000000000000e+00,0.000000000000000000e+00,0.000000000000000000e+00,0.000000000000000000e+00,0.000000000000000000e+00,0.000000000000000000e+00,0.000000000000000000e+00,0.000000000000000000e+00,0.000000000000000000e+00,0.000000000000000000e+00,0.000000000000000000e+00,0.000000000000000000e+00
0.000000000000000000e+00,0.000000000000000000e+00,0.000000000000000000e+00,0.000000000000000000e+00,0.000000000000000000e+00,0.000000000000000000e+00,0.000000000000000000e+00,0.000000000000000000e+00,0.000000000000000000e+00,2.243941309405378246e-05,2.243941309405370792e-05,2.243941309405372825e-05,2.630152500777194549e-02,2.572096943686142528e-04,2.243941309405372825e-05,2.243941309405370792e-05,2.243941309405540199e-05,2.243941309405378246e-05,2.243941309405378924e-05,2.243941309405370792e-05,0.000000000000000000e+00,0.000000000000000000e+00,0.000000000000000000e+00,0.000000000000000000e+00,0.000000000000000000e+00,0.000000000000000000e+00,0.000000000000000000e+00,6.659753166007743939e-20,3.540736740086479695e-19,0.000000000000000000e+00,0.000000000000000000e+00,1.936147393083688647e-05,3.812181603054352105e-03,2.243941309405370792e-05,2.243941309405493104e-05,2.243941309405388749e-05,2.243941309405373164e-05,2.243941309405370792e-05,2.243941309405496153e-05,2.243941309405369437e-05,0.000000000000000000e+00,0.000000000000000000e+00,0.000000000000000000e+00,0.000000000000000000e+00,2.243941309405504285e-05,1.672700729894492364e-20,1.952826906659566980e-20,0.000000000000000000e+00,0.000000000000000000e+00,0.000000000000000000e+00,0.000000000000000000e+00,3.571660612997692476e-03,0.000000000000000000e+00,2.824149448147642016e-03,1.729257349067084802e-03,2.243941309405378585e-05,2.243941309405491410e-05,2.243941309405491410e-05,2.243941309405542909e-05,2.243941309405401286e-05,0.000000000000000000e+00,0.000000000000000000e+00,0.000000000000000000e+00,1.996776961287213980e-05,1.196639921272966216e-20,0.000000000000000000e+00,0.000000000000000000e+00,0.000000000000000000e+00,0.000000000000000000e+00,0.000000000000000000e+00,3.571660612997692476e-03,0.000000000000000000e+00,0.000000000000000000e+00,0.000000000000000000e+00,0.000000000000000000e+00,0.000000000000000000e+00,0.000000000000000000e+00,1.816666934072175180e-18,0.000000000000000000e+00,0.000000000000000000e+00,0.000000000000000000e+00,0.000000000000000000e+00,2.243941309405414499e-05,0.000000000000000000e+00,0.000000000000000000e+00,0.000000000000000000e+00,0.000000000000000000e+00,0.000000000000000000e+00,0.000000000000000000e+00,0.000000000000000000e+00,0.000000000000000000e+00,0.000000000000000000e+00,0.000000000000000000e+00,0.000000000000000000e+00,0.000000000000000000e+00,0.000000000000000000e+00,0.000000000000000000e+00,1.011433928454832713e-19,0.000000000000000000e+00,6.714531259747887407e-03,0.000000000000000000e+00,0.000000000000000000e+00,2.477800575242136845e-20,0.000000000000000000e+00,0.000000000000000000e+00,0.000000000000000000e+00,0.000000000000000000e+00,0.000000000000000000e+00,0.000000000000000000e+00,0.000000000000000000e+00,0.000000000000000000e+00,0.000000000000000000e+00,0.000000000000000000e+00,0.000000000000000000e+00,1.876057783770816723e-02,1.317689082847018042e-18,0.000000000000000000e+00,0.000000000000000000e+00,6.886955908902466471e-03,8.404704937442684931e-03,0.000000000000000000e+00,0.000000000000000000e+00,0.000000000000000000e+00,0.000000000000000000e+00,0.000000000000000000e+00,0.000000000000000000e+00,0.000000000000000000e+00,0.000000000000000000e+00,4.516698959760825150e-20,0.000000000000000000e+00,0.000000000000000000e+00,0.000000000000000000e+00,0.000000000000000000e+00,0.000000000000000000e+00,2.686887258802675427e-02,0.000000000000000000e+00,0.000000000000000000e+00,2.509960050318432896e-04,2.509960050318420428e-04,6.128381967054614791e-03,0.000000000000000000e+00,0.000000000000000000e+00,0.000000000000000000e+00,0.000000000000000000e+00,0.000000000000000000e+00,0.000000000000000000e+00,0.000000000000000000e+00,3.540736740086479695e-19,2.742589898966685952e-02,3.973244257593566697e-02,0.000000000000000000e+00,0.000000000000000000e+00,0.000000000000000000e+00,0.000000000000000000e+00,0.000000000000000000e+00,0.000000000000000000e+00,2.003150828682441140e-02,0.000000000000000000e+00,0.000000000000000000e+00,0.000000000000000000e+00,0.000000000000000000e+00,0.000000000000000000e+00,0.000000000000000000e+00,1.900541576115221339e-20,1.900541576115224950e-20,0.000000000000000000e+00,0.000000000000000000e+00,1.193899715323819798e-02,6.244035875221849718e-02,4.431376967323961275e-02,1.240944682767528007e-02,1.095300259101340476e-02,0.000000000000000000e+00,0.000000000000000000e+00,0.000000000000000000e+00,0.000000000000000000e+00,0.000000000000000000e+00,0.000000000000000000e+00,0.000000000000000000e+00,0.000000000000000000e+00,0.000000000000000000e+00,0.000000000000000000e+00,0.000000000000000000e+00,0.000000000000000000e+00,0.000000000000000000e+00,0.000000000000000000e+00,0.000000000000000000e+00,4.174416656281793037e-02,1.032321284225523605e-01,6.951360485754000396e-02,6.505962247273212873e-02,0.000000000000000000e+00,0.000000000000000000e+00,0.000000000000000000e+00,0.000000000000000000e+00,0.000000000000000000e+00,1.955787738970917446e-20,0.000000000000000000e+00,0.000000000000000000e+00,0.000000000000000000e+00,0.000000000000000000e+00,0.000000000000000000e+00,0.000000000000000000e+00,2.686887258802675427e-02,0.000000000000000000e+00,4.125615514954947272e-02,6.367826260668710270e-02,9.036855843464344784e-02,5.268406389809167367e-02,0.000000000000000000e+00,0.000000000000000000e+00,2.210663953500964247e-04,0.000000000000000000e+00,0.000000000000000000e+00,0.000000000000000000e+00,0.000000000000000000e+00,6.752289994709029727e-06,0.000000000000000000e+00,0.000000000000000000e+00,0.000000000000000000e+00,0.000000000000000000e+00,0.000000000000000000e+00,0.000000000000000000e+00,7.825265124619333601e-03,0.000000000000000000e+00,0.000000000000000000e+00,0.000000000000000000e+00,0.000000000000000000e+00,0.000000000000000000e+00,0.000000000000000000e+00,0.000000000000000000e+00,0.000000000000000000e+00,0.000000000000000000e+00,0.000000000000000000e+00,2.243941309405388749e-05,2.243941309405381634e-05,2.243941309405372825e-05,2.243941309405374858e-05,0.000000000000000000e+00,0.000000000000000000e+00,5.504060069189709373e-03,0.000000000000000000e+00,2.509960050318420428e-04,2.509960050318420428e-04,0.000000000000000000e+00,0.000000000000000000e+00,0.000000000000000000e+00,0.000000000000000000e+00,0.000000000000000000e+00,0.000000000000000000e+00,0.000000000000000000e+00,0.000000000000000000e+00,0.000000000000000000e+00,2.243941309405372148e-05,2.243941309405374858e-05,2.243941309405388749e-05,3.399426637725370265e-02,0.000000000000000000e+00,0.000000000000000000e+00,0.000000000000000000e+00,6.844272172545755664e-03,0.000000000000000000e+00,0.000000000000000000e+00,0.000000000000000000e+00,1.085998343467934298e-18,0.000000000000000000e+00,0.000000000000000000e+00,0.000000000000000000e+00,0.000000000000000000e+00,0.000000000000000000e+00,0.000000000000000000e+00,0.000000000000000000e+00,0.000000000000000000e+00,2.243941309405378924e-05,2.243941309405502252e-05,2.243941309405370792e-05,2.243941309405370792e-05,0.000000000000000000e+00,0.000000000000000000e+00,0.000000000000000000e+00,6.844272172545756532e-03,0.000000000000000000e+00,0.000000000000000000e+00,0.000000000000000000e+00,1.635785246670496099e-19,0.000000000000000000e+00,0.000000000000000000e+00,0.000000000000000000e+00,0.000000000000000000e+00,0.000000000000000000e+00,0.000000000000000000e+00,4.844744892605575640e-20,0.000000000000000000e+00,2.243941309405676063e-05,2.243941309405385700e-05,2.243941309405370792e-05,2.243941309405369437e-05,0.000000000000000000e+00,0.000000000000000000e+00,0.000000000000000000e+00,6.844272172545755664e-03,9.737067843804562213e-05,0.000000000000000000e+00,0.000000000000000000e+00,0.000000000000000000e+00,0.000000000000000000e+00,0.000000000000000000e+00,0.000000000000000000e+00,0.000000000000000000e+00,0.000000000000000000e+00,0.000000000000000000e+00,0.000000000000000000e+00,0.000000000000000000e+00,2.243941309405369437e-05,2.243941309405394509e-05,2.243941309405369437e-05,0.000000000000000000e+00,0.000000000000000000e+00,0.000000000000000000e+00,0.000000000000000000e+00,5.792608686325533170e-03,0.000000000000000000e+00,4.430601105472664429e-19,1.900541576115224950e-20,0.000000000000000000e+00,0.000000000000000000e+00,0.000000000000000000e+00,0.000000000000000000e+00,0.000000000000000000e+00,5.061484376318234685e-20,0.000000000000000000e+00,0.000000000000000000e+00,0.000000000000000000e+00,2.243941309405369437e-05,2.243941309405369437e-05,0.000000000000000000e+00,0.000000000000000000e+00,0.000000000000000000e+00,0.000000000000000000e+00,0.000000000000000000e+00,1.297409127978708596e-04,0.000000000000000000e+00,1.991880773970461442e-18,0.000000000000000000e+00,4.600377044271939525e-03,0.000000000000000000e+00,0.000000000000000000e+00,0.000000000000000000e+00,0.000000000000000000e+00,0.000000000000000000e+00,0.000000000000000000e+00,0.000000000000000000e+00,0.000000000000000000e+00,0.000000000000000000e+00,0.000000000000000000e+00,0.000000000000000000e+00,0.000000000000000000e+00,0.000000000000000000e+00,0.000000000000000000e+00,0.000000000000000000e+00,1.297409127978701006e-04,0.000000000000000000e+00,0.000000000000000000e+00,0.000000000000000000e+00,0.000000000000000000e+00,2.500915536868369461e-03,0.000000000000000000e+00,4.816861545062462001e-20,0.000000000000000000e+00,0.000000000000000000e+00,0.000000000000000000e+00,0.000000000000000000e+00,0.000000000000000000e+00,0.000000000000000000e+00,0.000000000000000000e+00,0.000000000000000000e+00,0.000000000000000000e+00,0.000000000000000000e+00,0.000000000000000000e+00,0.000000000000000000e+00,1.628747317694456340e-02,8.848721325182965555e-05,0.000000000000000000e+00,1.222583400763332592e-02,1.239326784760465261e-02,0.000000000000000000e+00,0.000000000000000000e+00,0.000000000000000000e+00,0.000000000000000000e+00,0.000000000000000000e+00,0.000000000000000000e+00,0.000000000000000000e+00,0.000000000000000000e+00,0.000000000000000000e+00,0.000000000000000000e+00,0.000000000000000000e+00,0.000000000000000000e+00,0.000000000000000000e+00,0.000000000000000000e+00,0.000000000000000000e+00
