0.000000000000000000e+00,0.000000000000000000e+00,0.000000000000000000e+00,0.000000000000000000e+00,0.000000000000000000e+00,0.000000000000000000e+00,0.000000000000000000e+00,0.000000000000000000e+00,4.213443618595235501e-02,0.000000000000000000e+00,0.000000000000000000e+00,0.000000000000000000e+00,0.000000000000000000e+00,0.000000000000000000e+00,0.000000000000000000e+00,0.000000000000000000e+00,0.000000000000000000e+00,0.000000000000000000e+00,0.000000000000000000e+00,0.000000000000000000e+00,2.287789802753447038e-18,0.000000000000000000e+00,0.000000000000000000e+00,0.000000000000000000e+00,0.000000000000000000e+00,0.000000000000000000e+00,0.000000000000000000e+00,0.000000000000000000e+00,0.000000000000000000e+00,0.000000000000000000e+00,0.000000000000000000e+00,0.000000000000000000e+00,0.000000000000000000e+00,0.000000000000000000e+00,0.000000000000000000e+00,0.000000000000000000e+00,0.000000000000000000e+00,0.000000000000000000e+00,0.000000000000000000e+00,0.000000000000000000e+00,0.000000000000000000e+00,0.000000000000000000e+00,0.000000000000000000e+00,0.000000000000000000e+00,0.000000000000000000e+00,0.000000000000000000e+00,0.000000000000000000e+00,0.000000000000000000e+00,0.000000000000000000e+00,0.000000000000000000e+00,2.355846561736402971e-19,0.000000000000000000e+00,0.000000000000000000e+00,0.000000000000000000e+00,0.000000000000000000e+00,0.000000000000000000e+00,0.000000000000000000e+00,0.000000000000000000e+00,0.000000000000000000e+00,0.000000000000000000e+00,0.000000000000000000e+00,0.000000000000000000e+00,0.000000000000000000e+00,0.000000000000000000e+00,0.000000000000000000e+00,0.000000000000000000e+00,0.000000000000000000e+00,0.000000000000000000e+00,0.000000000000000000e+00,0.000000000000000000e+00,0.000000000000000000e+00,0.000000000000000000e+00,0.000000000000000000e+00,8.557267195919252625e-20,0.000000000000000000e+00,0.000000000000000000e+00,0.000000000000000000e+00,0.000000000000000000e+00,0.000000000000000000e+00,0.000000000000000000e+00,0.000000000000000000e+00,0.000000000000000000e+00,0.000000000000000000e+00,0.000000000000000000e+00,0.000000000000000000e+00,0.000000000000000000e+00,0.000000000000000000e+00,0.000000000000000000e+00,0.000000000000000000e+00,0.000000000000000000e+00,0.000000000000000000e+00,0.000000000000000000e+00,0.000000000000000000e+00,0.000000000000000000e+00,0.000000000000000000e+00,0.000000000000000000e+00,0.000000000000000000e+00,0.000000000000000000e+00,0.000000000000000000e+00,0.000000000000000000e+00,0.000000000000000000e+00,3.394227189415272165e-19,0.000000000000000000e+00,0.000000000000000000e+00,0.000000000000000000e+00,0.000000000000000000e+00,0.000000000000000000e+00,0.000000000000000000e+00,0.000000000000000000e+00,0.000000000000000000e+00,0.000000000000000000e+00,0.000000000000000000e+00,0.000000000000000000e+00,0.000000000000000000e+00,0.000000000000000000e+00,0.000000000000000000e+00,0.000000000000000000e+00,0.000000000000000000e+00,0.000000000000000000e+00,0.000000000000000000e+00,0.000000000000000000e+00,0.000000000000000000e+00,0.000000000000000000e+00,0.000000000000000000e+00,0.000000000000000000e+00,0.000000000000000000e+00,0.000000000000000000e+00,0.000000000000000000e+00,0.000000000000000000e+00,5.186679742964157153e-02,5.995142181402801640e-02,0.000000000000000000e+00,0.000000000000000000e+00,0.000000000000000000e+00,0.000000000000000000e+00,0.000000000000000000e+00,0.000000000000000000e+00,0.000000000000000000e+00,0.000000000000000000e+00,0.000000000000000000e+00,1.871902199107330305e-20,0.000000000000000000e+00,0.000000000000000000e+00,0.000000000000000000e+00,0.000000000000000000e+00,0.000000000000000000e+00,0.000000000000000000e+00,0.000000000000000000e+00,0.000000000000000000e+00,5.722488472797623849e-02,6.414967935710011449e-02,1.922935402598245505e-03,0.000000000000000000e+00,0.000000000000000000e+00,0.000000000000000000e+00,0.000000000000000000e+00,0.000000000000000000e+00,0.000000000000000000e+00,0.000000000000000000e+00,0.000000000000000000e+00,0.000000000000000000e+00,4.765659314053221787e-19,0.000000000000000000e+00,0.000000000000000000e+00,0.000000000000000000e+00,0.000000000000000000e+00,0.000000000000000000e+00,0.000000000000000000e+00,5.722488472797623849e-02,6.414967935710011449e-02,6.414967935710011449e-02,6.924794629123876867e-03,2.726537086044454779e-03,0.000000000000000000e+00,0.000000000000000000e+00,0.000000000000000000e+00,0.000000000000000000e+00,0.000000000000000000e+00,0.000000000000000000e+00,0.000000000000000000e+00,0.000000000000000000e+00,1.871902199107330305e-20,0.000000000000000000e+00,0.000000000000000000e+00,0.000000000000000000e+00,0.000000000000000000e+00,0.000000000000000000e+00,6.653234055432744390e-03,4.834565007152973048e-02,4.169241601609698783e-02,2.195356921937328606e-02,6.924794629123876867e-03,0.000000000000000000e+00,0.000000000000000000e+00,0.000000000000000000e+00,0.000000000000000000e+00,0.000000000000000000e+00,0.000000000000000000e+00,0.000000000000000000e+00,0.000000000000000000e+00,0.000000000000000000e+00,0.000000000000000000e+00,1.871902199107330305e-20,0.000000000000000000e+00,0.000000000000000000e+00,0.000000000000000000e+00,2.359349399792752544e-02,6.653234055432741788e-03,6.653234055432741788e-03,4.834565007152973048e-02,4.169241601609698783e-02,0.000000000000000000e+00,0.000000000000000000e+00,0.000000000000000000e+00,0.000000000000000000e+00,0.000000000000000000e+00,0.000000000000000000e+00,0.000000000000000000e+00,0.000000000000000000e+00,0.000000000000000000e+00,0.000000000000000000e+00,2.821471076053128080e-02,1.489336748247731892e-19,0.000000000000000000e+00,0.000000000000000000e+00,0.000000000000000000e+00,0.000000000000000000e+00,2.359349399792752544e-02,0.000000000000000000e+00,4.558416184735750859e-02,4.169241601609698783e-02,4.169241601609698783e-02,0.000000000000000000e+00,0.000000000000000000e+00,0.000000000000000000e+00,0.000000000000000000e+00,0.000000000000000000e+00,0.000000000000000000e+00,0.000000000000000000e+00,0.000000000000000000e+00,0.000000000000000000e+00,0.000000000000000000e+00,0.000000000000000000e+00,4.171811619741545122e-20,0.000000000000000000e+00,1.489336748247731892e-19,0.000000000000000000e+00,3.646119782938328502e-03,0.000000000000000000e+00,0.000000000000000000e+00,0.000000000000000000e+00,0.000000000000000000e+00,0.000000000000000000e+00,0.000000000000000000e+00,0.000000000000000000e+00,0.000000000000000000e+00,0.000000000000000000e+00,0.000000000000000000e+00,0.000000000000000000e+00,4.290149608056382201e-03,0.000000000000000000e+00,0.000000000000000000e+00,0.000000000000000000e+00,0.000000000000000000e+00,0.000000000000000000e+00,0.000000000000000000e+00,0.000000000000000000e+00,0.000000000000000000e+00,0.000000000000000000e+00,0.000000000000000000e+00,0.000000000000000000e+00,0.000000000000000000e+00,0.000000000000000000e+00,0.000000000000000000e+00,0.000000000000000000e+00,0.000000000000000000e+00,0.000000000000000000e+00,0.000000000000000000e+00,0.000000000000000000e+00,2.997278033566741322e-03,0.000000000000000000e+00,0.000000000000000000e+00,0.000000000000000000e+00,1.759760281785956518e-03,0.000000000000000000e+00,0.000000000000000000e+00,0.000000000000000000e+00,1.871902199107330305e-20,2.425117856259293441e-19,0.000000000000000000e+00,0.000000000000000000e+00,0.000000000000000000e+00,0.000000000000000000e+00,0.000000000000000000e+00,0.000000000000000000e+00,0.000000000000000000e+00,0.000000000000000000e+00,0.000000000000000000e+00,0.000000000000000000e+00,1.405082462587430372e-02,0.000000000000000000e+00,0.000000000000000000e+00,0.000000000000000000e+00,0.000000000000000000e+00,0.000000000000000000e+00,0.000000000000000000e+00,0.000000000000000000e+00,0.000000000000000000e+00,0.000000000000000000e+00,1.871902199107332713e-20,0.000000000000000000e+00,0.000000000000000000e+00,0.000000000000000000e+00,0.000000000000000000e+00,0.000000000000000000e+00,0.000000000000000000e+00,0.000000000000000000e+00,0.000000000000000000e+00,0.000000000000000000e+00,0.000000000000000000e+00,0.000000000000000000e+00,0.000000000000000000e+00,0.000000000000000000e+00,0.000000000000000000e+00,0.000000000000000000e+00,0.000000000000000000e+00,0.000000000000000000e+00,4.765659314053221787e-19,0.000000000000000000e+00,0.000000000000000000e+00,0.000000000000000000e+00,5.153414353798381499e-20,0.000000000000000000e+00,0.000000000000000000e+00,0.000000000000000000e+00,0.000000000000000000e+00,0.000000000000000000e+00,0.000000000000000000e+00,0.000000000000000000e+00,2.359349399792752544e-02,0.000000000000000000e+00,0.000000000000000000e+00,0.000000000000000000e+00,0.000000000000000000e+00,0.000000000000000000e+00,0.000000000000000000e+00,0.000000000000000000e+00,0.000000000000000000e+00,3.670396468837901922e-20,0.000000000000000000e+00,0.000000000000000000e+00,0.000000000000000000e+00,0.000000000000000000e+00,0.000000000000000000e+00,0.000000000000000000e+00,0.000000000000000000e+00,0.000000000000000000e+00,0.000000000000000000e+00,0.000000000000000000e+00,0.000000000000000000e+00,0.000000000000000000e+00,0.000000000000000000e+00,0.000000000000000000e+00,0.000000000000000000e+00,0.000000000000000000e+00,0.000000000000000000e+00,0.000000000000000000e+00,0.000000000000000000e+00,0.000000000000000000e+00,0.000000000000000000e+00,0.000000000000000000e+00,0.000000000000000000e+00,0.000000000000000000e+00,0.000000000000000000e+00,0.000000000000000000e+00,0.000000000000000000e+00,0.000000000000000000e+00,0.000000000000000000e+00,3.922482488881257149e-21,5.746120163795697885e-03,0.000000000000000000e+00,0.000000000000000000e+00,0.000000000000000000e+00,0.000000000000000000e+00,0.000000000000000000e+00,0.000000000000000000e+00,0.000000000000000000e+00,0.000000000000000000e+00,0.000000000000000000e+00,0.000000000000000000e+00,0.000000000000000000e+00,0.000000000000000000e+00,0.000000000000000000e+00,0.000000000000000000e+00,0.000000000000000000e+00,0.000000000000000000e+00,0.000000000000000000e+00,0.000000000000000000e+00,0.000000000000000000e+00,0.000000000000000000e+00
0.000000000000000000e+00,0.000000000000000000e+00,0.000000000000000000e+00,0.000000000000000000e+00,0.000000000000000000e+00,0.000000000000000000e+00,0.000000000000000000e+00,0.000000000000000000e+00,2.006401723140588400e-02,0.000000000000000000e+00,0.000000000000000000e+00,0.000000000000000000e+00,0.000000000000000000e+00,0.000000000000000000e+00,0.000000000000000000e+00,0.000000000000000000e+00,0.000000000000000000e+00,0.000000000000000000e+00,0.000000000000000000e+00,0.000000000000000000e+00,1.089423715596879514e-18,0.000000000000000000e+00,0.000000000000000000e+00,0.000000000000000000e+00,2.033462455340528247e-02,0.000000000000000000e+00,5.324207097027030445e-20,0.000000000000000000e+00,0.000000000000000000e+00,0.000000000000000000e+00,0.000000000000000000e+00,0.000000000000000000e+00,0.000000000000000000e+00,0.000000000000000000e+00,0.000000000000000000e+00,0.000000000000000000e+00,0.000000000000000000e+00,0.000000000000000000e+00,0.000000000000000000e+00,0.000000000000000000e+00,6.796310647432992486e-03,0.000000000000000000e+00,0.000000000000000000e+00,0.000000000000000000e+00,0.000000000000000000e+00,0.000000000000000000e+00,0.000000000000000000e+00,0.000000000000000000e+00,0.000000000000000000e+00,0.000000000000000000e+00,1.121831696064953864e-19,0.000000000000000000e+00,0.000000000000000000e+00,0.000000000000000000e+00,0.000000000000000000e+00,0.000000000000000000e+00,0.000000000000000000e+00,0.000000000000000000e+00,0.000000000000000000e+00,0.000000000000000000e+00,0.000000000000000000e+00,0.000000000000000000e+00,0.000000000000000000e+00,0.000000000000000000e+00,0.000000000000000000e+00,0.000000000000000000e+00,1.135830847365766607e-19,0.000000000000000000e+00,0.000000000000000000e+00,0.000000000000000000e+00,0.000000000000000000e+00,0.000000000000000000e+00,0.000000000000000000e+00,4.074889140913929994e-20,0.000000000000000000e+00,0.000000000000000000e+00,0.000000000000000000e+00,0.000000000000000000e+00,0.000000000000000000e+00,0.000000000000000000e+00,0.000000000000000000e+00,0.000000000000000000e+00,0.000000000000000000e+00,0.000000000000000000e+00,0.000000000000000000e+00,0.000000000000000000e+00,0.000000000000000000e+00,0.000000000000000000e+00,0.000000000000000000e+00,0.000000000000000000e+00,0.000000000000000000e+00,1.602559446466392436e-21,0.000000000000000000e+00,0.000000000000000000e+00,0.000000000000000000e+00,0.000000000000000000e+00,0.000000000000000000e+00,0.000000000000000000e+00,0.000000000000000000e+00,0.000000000000000000e+00,0.000000000000000000e+00,1.616298661626320205e-19,0.000000000000000000e+00,7.918391925301977837e-19,0.000000000000000000e+00,0.000000000000000000e+00,0.000000000000000000e+00,0.000000000000000000e+00,0.000000000000000000e+00,0.000000000000000000e+00,0.000000000000000000e+00,0.000000000000000000e+00,0.000000000000000000e+00,0.000000000000000000e+00,0.000000000000000000e+00,0.000000000000000000e+00,0.000000000000000000e+00,0.000000000000000000e+00,0.000000000000000000e+00,0.000000000000000000e+00,0.000000000000000000e+00,0.000000000000000000e+00,0.000000000000000000e+00,0.000000000000000000e+00,0.000000000000000000e+00,0.000000000000000000e+00,0.000000000000000000e+00,0.000000000000000000e+00,0.000000000000000000e+00,2.469847496649598892e-02,2.854829610191810668e-02,0.000000000000000000e+00,0.000000000000000000e+00,0.000000000000000000e+00,0.000000000000000000e+00,0.000000000000000000e+00,0.000000000000000000e+00,0.000000000000000000e+00,0.000000000000000000e+00,0.000000000000000000e+00,8.913819995749192145e-21,0.000000000000000000e+00,0.000000000000000000e+00,0.000000000000000000e+00,0.000000000000000000e+00,0.000000000000000000e+00,0.000000000000000000e+00,0.000000000000000000e+00,0.000000000000000000e+00,2.724994510856011340e-02,3.054746636052386305e-02,9.156835250467836463e-04,1.576964845756623574e-21,0.000000000000000000e+00,0.000000000000000000e+00,0.000000000000000000e+00,0.000000000000000000e+00,0.000000000000000000e+00,0.000000000000000000e+00,0.000000000000000000e+00,1.001253678052389045e-21,2.269361578120582147e-19,0.000000000000000000e+00,0.000000000000000000e+00,0.000000000000000000e+00,0.000000000000000000e+00,0.000000000000000000e+00,0.000000000000000000e+00,1.007817881266911131e-01,1.040793093786548662e-01,3.054746636052386305e-02,3.297521251963750951e-03,1.298350993354505187e-03,0.000000000000000000e+00,1.662081177099602965e-22,0.000000000000000000e+00,0.000000000000000000e+00,0.000000000000000000e+00,0.000000000000000000e+00,0.000000000000000000e+00,0.000000000000000000e+00,8.913819995749192145e-21,0.000000000000000000e+00,0.000000000000000000e+00,0.000000000000000000e+00,0.000000000000000000e+00,0.000000000000000000e+00,3.168206693063211656e-03,5.047707479442273965e-02,9.338537445436766171e-02,8.398592359878495617e-02,3.297521251963750951e-03,0.000000000000000000e+00,0.000000000000000000e+00,0.000000000000000000e+00,0.000000000000000000e+00,0.000000000000000000e+00,1.108525854790332046e-21,0.000000000000000000e+00,0.000000000000000000e+00,0.000000000000000000e+00,0.000000000000000000e+00,8.913819995749192145e-21,0.000000000000000000e+00,0.000000000000000000e+00,0.000000000000000000e+00,1.123499714187024996e-02,3.168206693063210354e-03,3.168206693063210354e-03,9.655358114743087250e-02,9.338537445436766171e-02,2.783914974041542048e-02,0.000000000000000000e+00,0.000000000000000000e+00,1.233557413904419351e-21,0.000000000000000000e+00,0.000000000000000000e+00,0.000000000000000000e+00,0.000000000000000000e+00,0.000000000000000000e+00,0.000000000000000000e+00,1.343557655263394324e-02,7.092079753560628573e-20,0.000000000000000000e+00,0.000000000000000000e+00,0.000000000000000000e+00,0.000000000000000000e+00,1.123499714187024996e-02,0.000000000000000000e+00,2.170674373683691150e-02,1.985353143623666203e-02,1.985353143623666203e-02,0.000000000000000000e+00,0.000000000000000000e+00,0.000000000000000000e+00,0.000000000000000000e+00,0.000000000000000000e+00,1.300865076482127961e-21,0.000000000000000000e+00,0.000000000000000000e+00,0.000000000000000000e+00,0.000000000000000000e+00,0.000000000000000000e+00,1.986576961781688182e-20,0.000000000000000000e+00,7.092079753560628573e-20,0.000000000000000000e+00,1.736247515684918386e-03,0.000000000000000000e+00,0.000000000000000000e+00,0.000000000000000000e+00,0.000000000000000000e+00,0.000000000000000000e+00,1.427467324737878876e-20,0.000000000000000000e+00,0.000000000000000000e+00,0.000000000000000000e+00,0.000000000000000000e+00,6.052922682359883987e-34,2.042928384788753656e-03,0.000000000000000000e+00,0.000000000000000000e+00,0.000000000000000000e+00,0.000000000000000000e+00,7.591045385190838254e-19,0.000000000000000000e+00,0.000000000000000000e+00,0.000000000000000000e+00,0.000000000000000000e+00,7.593078161015019148e-19,0.000000000000000000e+00,0.000000000000000000e+00,0.000000000000000000e+00,1.891538338237463746e-35,0.000000000000000000e+00,1.427467324737878876e-20,0.000000000000000000e+00,0.000000000000000000e+00,0.000000000000000000e+00,1.427275254079400733e-03,0.000000000000000000e+00,0.000000000000000000e+00,0.000000000000000000e+00,8.379810865647412815e-04,0.000000000000000000e+00,0.000000000000000000e+00,0.000000000000000000e+00,8.913819995749192145e-21,1.154818026790139791e-19,0.000000000000000000e+00,0.000000000000000000e+00,0.000000000000000000e+00,0.000000000000000000e+00,0.000000000000000000e+00,0.000000000000000000e+00,0.000000000000000000e+00,0.000000000000000000e+00,0.000000000000000000e+00,0.000000000000000000e+00,6.690868869463954816e-03,0.000000000000000000e+00,0.000000000000000000e+00,0.000000000000000000e+00,0.000000000000000000e+00,0.000000000000000000e+00,0.000000000000000000e+00,0.000000000000000000e+00,0.000000000000000000e+00,0.000000000000000000e+00,8.913819995749204182e-21,0.000000000000000000e+00,0.000000000000000000e+00,0.000000000000000000e+00,0.000000000000000000e+00,0.000000000000000000e+00,0.000000000000000000e+00,0.000000000000000000e+00,0.000000000000000000e+00,0.000000000000000000e+00,0.000000000000000000e+00,0.000000000000000000e+00,0.000000000000000000e+00,0.000000000000000000e+00,0.000000000000000000e+00,0.000000000000000000e+00,0.000000000000000000e+00,0.000000000000000000e+00,2.269361578120582147e-19,0.000000000000000000e+00,0.000000000000000000e+00,0.000000000000000000e+00,2.454006835142086428e-20,0.000000000000000000e+00,0.000000000000000000e+00,0.000000000000000000e+00,0.000000000000000000e+00,0.000000000000000000e+00,0.000000000000000000e+00,0.000000000000000000e+00,1.123499714187024996e-02,0.000000000000000000e+00,0.000000000000000000e+00,0.000000000000000000e+00,0.000000000000000000e+00,0.000000000000000000e+00,0.000000000000000000e+00,0.000000000000000000e+00,0.000000000000000000e+00,1.747807842303763006e-20,0.000000000000000000e+00,0.000000000000000000e+00,3.266155847633180816e-20,0.000000000000000000e+00,0.000000000000000000e+00,0.000000000000000000e+00,0.000000000000000000e+00,2.725994033677839665e-18,0.000000000000000000e+00,0.000000000000000000e+00,3.407492542097299485e-18,0.000000000000000000e+00,0.000000000000000000e+00,0.000000000000000000e+00,0.000000000000000000e+00,0.000000000000000000e+00,0.000000000000000000e+00,0.000000000000000000e+00,0.000000000000000000e+00,0.000000000000000000e+00,0.000000000000000000e+00,0.000000000000000000e+00,0.000000000000000000e+00,0.000000000000000000e+00,0.000000000000000000e+00,0.000000000000000000e+00,0.000000000000000000e+00,0.000000000000000000e+00,0.000000000000000000e+00,1.867848804229193823e-21,2.736247697045570380e-03,0.000000000000000000e+00,0.000000000000000000e+00,0.000000000000000000e+00,0.000000000000000000e+00,0.000000000000000000e+00,0.000000000000000000e+00,0.000000000000000000e+00,0.000000000000000000e+00,0.000000000000000000e+00,0.000000000000000000e+00,0.000000000000000000e+00,0.000000000000000000e+00,0.000000000000000000e+00,0.000000000000000000e+00,0.000000000000000000e+00,0.000000000000000000e+00,0.000000000000000000e+00,0.000000000000000000e+00,0.000000000000000000e+00,0.000000000000000000e+00
1.336875480165610136e-04,1.336875480165609323e-04,1.336875480165609323e-04,1.336875480165606613e-04,1.336875480165607155e-04,1.336875480165610136e-04,0.000000000000000000e+00,0.000000000000000000e+00,1.336875480165607697e-04,1.336875480165607155e-04,0.000000000000000000e+00,0.000000000000000000e+00,0.000000000000000000e+00,0.000000000000000000e+00,0.000000000000000000e+00,0.000000000000000000e+00,0.000000000000000000e+00,0.000000000000000000e+00,0.000000000000000000e+00,0.000000000000000000e+00,1.336875480165607155e-04,8.381135929314790112e-05,0.000000000000000000e+00,0.000000000000000000e+00,3.710573219057162336e-02,7.313327342655671145e-05,9.680376540049147248e-20,0.000000000000000000e+00,0.000000000000000000e+00,0.000000000000000000e+00,1.336875480165609323e-04,2.299891124679013621e-04,0.000000000000000000e+00,0.000000000000000000e+00,0.000000000000000000e+00,0.000000000000000000e+00,0.000000000000000000e+00,0.000000000000000000e+00,0.000000000000000000e+00,0.000000000000000000e+00,1.235692844987816910e-02,0.000000000000000000e+00,1.768483363969991120e-20,1.499362227755363810e-20,0.000000000000000000e+00,0.000000000000000000e+00,0.000000000000000000e+00,0.000000000000000000e+00,0.000000000000000000e+00,0.000000000000000000e+00,0.000000000000000000e+00,0.000000000000000000e+00,9.630156445134082277e-05,0.000000000000000000e+00,0.000000000000000000e+00,0.000000000000000000e+00,0.000000000000000000e+00,0.000000000000000000e+00,0.000000000000000000e+00,0.000000000000000000e+00,0.000000000000000000e+00,5.687693292939815381e-20,5.024980924088304890e-20,0.000000000000000000e+00,0.000000000000000000e+00,0.000000000000000000e+00,2.065146995210484762e-19,0.000000000000000000e+00,1.499362227755363810e-20,0.000000000000000000e+00,0.000000000000000000e+00,0.000000000000000000e+00,3.567130060860350486e-05,9.630156445134082277e-05,9.630156445134082277e-05,0.000000000000000000e+00,0.000000000000000000e+00,0.000000000000000000e+00,0.000000000000000000e+00,0.000000000000000000e+00,0.000000000000000000e+00,0.000000000000000000e+00,0.000000000000000000e+00,0.000000000000000000e+00,5.375194105681367045e-20,0.000000000000000000e+00,0.000000000000000000e+00,5.926916794362954815e-20,0.000000000000000000e+00,1.279790112202877180e-19,1.839831539528522059e-20,2.913744448120713658e-21,0.000000000000000000e+00,0.000000000000000000e+00,0.000000000000000000e+00,0.000000000000000000e+00,0.000000000000000000e+00,0.000000000000000000e+00,0.000000000000000000e+00,0.000000000000000000e+00,0.000000000000000000e+00,0.000000000000000000e+00,1.768483363969991120e-20,1.454701245059731633e-18,0.000000000000000000e+00,0.000000000000000000e+00,0.000000000000000000e+00,5.375194105681367045e-20,0.000000000000000000e+00,8.718004279631465779e-05,9.630156445134086343e-05,0.000000000000000000e+00,9.630156445134099895e-05,0.000000000000000000e+00,9.630156445134095829e-05,0.000000000000000000e+00,0.000000000000000000e+00,0.000000000000000000e+00,0.000000000000000000e+00,0.000000000000000000e+00,5.844598201752580682e-04,0.000000000000000000e+00,0.000000000000000000e+00,0.000000000000000000e+00,1.499362227755363810e-20,0.000000000000000000e+00,0.000000000000000000e+00,0.000000000000000000e+00,0.000000000000000000e+00,1.033137600069425388e-35,0.000000000000000000e+00,0.000000000000000000e+00,0.000000000000000000e+00,0.000000000000000000e+00,9.630156445134086343e-05,0.000000000000000000e+00,9.630156445134095829e-05,0.000000000000000000e+00,0.000000000000000000e+00,0.000000000000000000e+00,0.000000000000000000e+00,5.024980924088304890e-20,0.000000000000000000e+00,1.801449132459255180e-19,0.000000000000000000e+00,0.000000000000000000e+00,0.000000000000000000e+00,0.000000000000000000e+00,3.275509370807650443e-03,0.000000000000000000e+00,0.000000000000000000e+00,0.000000000000000000e+00,2.867208810466588761e-21,0.000000000000000000e+00,0.000000000000000000e+00,0.000000000000000000e+00,3.871980705220414554e-05,2.146384807381168417e-20,0.000000000000000000e+00,0.000000000000000000e+00,1.820461232822525742e-21,0.000000000000000000e+00,0.000000000000000000e+00,0.000000000000000000e+00,0.000000000000000000e+00,0.000000000000000000e+00,0.000000000000000000e+00,0.000000000000000000e+00,1.377272472665127812e-01,1.385631688206480638e-01,3.371810935258992038e-03,9.392223571691269302e-04,5.216126006150028123e-18,0.000000000000000000e+00,3.021965776544732621e-22,0.000000000000000000e+00,0.000000000000000000e+00,0.000000000000000000e+00,0.000000000000000000e+00,0.000000000000000000e+00,5.950199699275584065e-22,0.000000000000000000e+00,0.000000000000000000e+00,0.000000000000000000e+00,0.000000000000000000e+00,1.801449132459255180e-19,0.000000000000000000e+00,1.621399404370085524e-03,5.309800845495974558e-02,1.368734745513381923e-01,1.385275845177757481e-01,3.275509370807650443e-03,1.190039939855112675e-21,4.007266259174107980e-20,0.000000000000000000e+00,4.007266259174107980e-20,0.000000000000000000e+00,3.426331335839634756e-19,0.000000000000000000e+00,0.000000000000000000e+00,0.000000000000000000e+00,0.000000000000000000e+00,0.000000000000000000e+00,0.000000000000000000e+00,0.000000000000000000e+00,0.000000000000000000e+00,0.000000000000000000e+00,0.000000000000000000e+00,1.621399404370085524e-03,1.368734745513381923e-01,1.368734745513381923e-01,5.061663589166440907e-02,0.000000000000000000e+00,0.000000000000000000e+00,5.391028680508138122e-20,0.000000000000000000e+00,0.000000000000000000e+00,0.000000000000000000e+00,0.000000000000000000e+00,0.000000000000000000e+00,0.000000000000000000e+00,5.337783348677457062e-06,0.000000000000000000e+00,0.000000000000000000e+00,0.000000000000000000e+00,0.000000000000000000e+00,0.000000000000000000e+00,1.468082662135602866e-19,1.768483363969991120e-20,7.798118019197599173e-04,4.887323430754627059e-20,0.000000000000000000e+00,0.000000000000000000e+00,0.000000000000000000e+00,0.000000000000000000e+00,0.000000000000000000e+00,0.000000000000000000e+00,2.107819106870003987e-20,0.000000000000000000e+00,0.000000000000000000e+00,0.000000000000000000e+00,0.000000000000000000e+00,0.000000000000000000e+00,0.000000000000000000e+00,0.000000000000000000e+00,0.000000000000000000e+00,0.000000000000000000e+00,0.000000000000000000e+00,0.000000000000000000e+00,1.801449132459255180e-19,1.453613799633601499e-20,0.000000000000000000e+00,0.000000000000000000e+00,4.363878499857044087e-20,0.000000000000000000e+00,1.839831539528522059e-20,0.000000000000000000e+00,0.000000000000000000e+00,1.100531396792706226e-33,0.000000000000000000e+00,0.000000000000000000e+00,0.000000000000000000e+00,0.000000000000000000e+00,0.000000000000000000e+00,1.380190070034697969e-18,1.768483363969991120e-20,0.000000000000000000e+00,1.768483363969991120e-20,0.000000000000000000e+00,1.380559665639094426e-18,1.801449132459255180e-19,1.768483363969991120e-20,1.647225934417177407e-22,3.439160614977206957e-35,0.000000000000000000e+00,2.595395135887052967e-20,0.000000000000000000e+00,0.000000000000000000e+00,0.000000000000000000e+00,0.000000000000000000e+00,0.000000000000000000e+00,0.000000000000000000e+00,0.000000000000000000e+00,0.000000000000000000e+00,1.001816564793526995e-20,0.000000000000000000e+00,0.000000000000000000e+00,0.000000000000000000e+00,0.000000000000000000e+00,0.000000000000000000e+00,0.000000000000000000e+00,1.468082662135602866e-19,0.000000000000000000e+00,0.000000000000000000e+00,0.000000000000000000e+00,0.000000000000000000e+00,0.000000000000000000e+00,0.000000000000000000e+00,0.000000000000000000e+00,2.753350882999527774e-04,0.000000000000000000e+00,0.000000000000000000e+00,0.000000000000000000e+00,0.000000000000000000e+00,0.000000000000000000e+00,0.000000000000000000e+00,0.000000000000000000e+00,0.000000000000000000e+00,0.000000000000000000e+00,0.000000000000000000e+00,0.000000000000000000e+00,0.000000000000000000e+00,0.000000000000000000e+00,0.000000000000000000e+00,0.000000000000000000e+00,0.000000000000000000e+00,1.768483363969991120e-20,0.000000000000000000e+00,0.000000000000000000e+00,1.557815114002630407e-03,0.000000000000000000e+00,0.000000000000000000e+00,0.000000000000000000e+00,0.000000000000000000e+00,0.000000000000000000e+00,0.000000000000000000e+00,0.000000000000000000e+00,0.000000000000000000e+00,0.000000000000000000e+00,0.000000000000000000e+00,0.000000000000000000e+00,0.000000000000000000e+00,0.000000000000000000e+00,4.641945865725833896e-20,1.946794348590138304e-20,0.000000000000000000e+00,0.000000000000000000e+00,0.000000000000000000e+00,0.000000000000000000e+00,1.164943898837042871e-03,0.000000000000000000e+00,0.000000000000000000e+00,0.000000000000000000e+00,0.000000000000000000e+00,0.000000000000000000e+00,0.000000000000000000e+00,0.000000000000000000e+00,0.000000000000000000e+00,0.000000000000000000e+00,0.000000000000000000e+00,0.000000000000000000e+00,7.706948541484866453e-20,0.000000000000000000e+00,0.000000000000000000e+00,0.000000000000000000e+00,0.000000000000000000e+00,4.974037622144862977e-18,1.768483363969991120e-20,1.768483363969991120e-20,6.195440985631454239e-18,0.000000000000000000e+00,0.000000000000000000e+00,0.000000000000000000e+00,0.000000000000000000e+00,0.000000000000000000e+00,0.000000000000000000e+00,0.000000000000000000e+00,0.000000000000000000e+00,0.000000000000000000e+00,0.000000000000000000e+00,0.000000000000000000e+00,0.000000000000000000e+00,1.499362227755363810e-20,0.000000000000000000e+00,1.499362227755363810e-20,1.801449132459255180e-19,0.000000000000000000e+00,0.000000000000000000e+00,4.304982026426047875e-35,1.365425310177902269e-04,0.000000000000000000e+00,0.000000000000000000e+00,0.000000000000000000e+00,0.000000000000000000e+00,0.000000000000000000e+00,0.000000000000000000e+00,0.000000000000000000e+00,0.000000000000000000e+00,0.000000000000000000e+00,0.000000000000000000e+00,0.000000000000000000e+00,0.000000000000000000e+00,0.000000000000000000e+00,0.000000000000000000e+00,0.000000000000000000e+00,0.000000000000000000e+00,0.000000000000000000e+00,0.000000000000000000e+00,0.000000000000000000e+00,0.000000000000000000e+00
1.604250576198733248e-03,1.604250576198732597e-03,1.604250576198732597e-03,1.604250576198729345e-03,1.604250576198729995e-03,1.604250576198733248e-03,0.000000000000000000e+00,0.000000000000000000e+00,1.604250576198730429e-03,1.604250576198729995e-03,0.000000000000000000e+00,0.000000000000000000e+00,0.000000000000000000e+00,0.000000000000000000e+00,0.000000000000000000e+00,0.000000000000000000e+00,0.000000000000000000e+00,0.000000000000000000e+00,0.000000000000000000e+00,0.000000000000000000e+00,1.604250576198729778e-03,1.005736311517775464e-03,0.000000000000000000e+00,0.000000000000000000e+00,1.824167066534851042e-02,8.775992811186812421e-04,4.356169443022116201e-20,0.000000000000000000e+00,0.000000000000000000e+00,0.000000000000000000e+00,1.604250576198732597e-03,2.759869349614818296e-03,0.000000000000000000e+00,0.000000000000000000e+00,0.000000000000000000e+00,0.000000000000000000e+00,0.000000000000000000e+00,0.000000000000000000e+00,0.000000000000000000e+00,0.000000000000000000e+00,5.560617802445176616e-03,0.000000000000000000e+00,2.122180036763990909e-19,1.799234673306438258e-19,0.000000000000000000e+00,0.000000000000000000e+00,0.000000000000000000e+00,0.000000000000000000e+00,0.000000000000000000e+00,0.000000000000000000e+00,0.000000000000000000e+00,0.000000000000000000e+00,1.155618773416090686e-03,0.000000000000000000e+00,0.000000000000000000e+00,0.000000000000000000e+00,0.000000000000000000e+00,0.000000000000000000e+00,0.000000000000000000e+00,0.000000000000000000e+00,0.000000000000000000e+00,6.825231951527783272e-19,6.029977108905970923e-19,0.000000000000000000e+00,0.000000000000000000e+00,0.000000000000000000e+00,9.293161478447181551e-20,0.000000000000000000e+00,1.799234673306438258e-19,0.000000000000000000e+00,0.000000000000000000e+00,0.000000000000000000e+00,4.280556073032424106e-04,1.155618773416090686e-03,1.155618773416090686e-03,0.000000000000000000e+00,0.000000000000000000e+00,0.000000000000000000e+00,0.000000000000000000e+00,0.000000000000000000e+00,0.000000000000000000e+00,0.000000000000000000e+00,0.000000000000000000e+00,0.000000000000000000e+00,6.450232926817645991e-19,0.000000000000000000e+00,0.000000000000000000e+00,7.112300153235552037e-19,0.000000000000000000e+00,1.535748134643453675e-18,2.207797847434228155e-19,1.311185001654321221e-21,0.000000000000000000e+00,0.000000000000000000e+00,0.000000000000000000e+00,0.000000000000000000e+00,0.000000000000000000e+00,0.000000000000000000e+00,0.000000000000000000e+00,0.000000000000000000e+00,0.000000000000000000e+00,0.000000000000000000e+00,2.122180036763990909e-19,8.277918975826239291e-19,0.000000000000000000e+00,0.000000000000000000e+00,0.000000000000000000e+00,6.450232926817645991e-19,0.000000000000000000e+00,1.046160513555776652e-03,1.155618773416091337e-03,0.000000000000000000e+00,1.155618773416092855e-03,0.000000000000000000e+00,1.155618773416092421e-03,0.000000000000000000e+00,0.000000000000000000e+00,0.000000000000000000e+00,0.000000000000000000e+00,0.000000000000000000e+00,7.013517842103102889e-03,0.000000000000000000e+00,0.000000000000000000e+00,0.000000000000000000e+00,1.799234673306438258e-19,0.000000000000000000e+00,0.000000000000000000e+00,0.000000000000000000e+00,0.000000000000000000e+00,1.239765120083311428e-34,0.000000000000000000e+00,0.000000000000000000e+00,0.000000000000000000e+00,0.000000000000000000e+00,1.155618773416091337e-03,0.000000000000000000e+00,1.155618773416092421e-03,0.000000000000000000e+00,0.000000000000000000e+00,0.000000000000000000e+00,0.000000000000000000e+00,6.029977108905970923e-19,0.000000000000000000e+00,2.161738958951107853e-18,0.000000000000000000e+00,0.000000000000000000e+00,0.000000000000000000e+00,0.000000000000000000e+00,3.930611244969183654e-02,0.000000000000000000e+00,0.000000000000000000e+00,0.000000000000000000e+00,1.290243964709964999e-21,0.000000000000000000e+00,0.000000000000000000e+00,0.000000000000000000e+00,4.646376846264501531e-04,2.575661768857404267e-19,0.000000000000000000e+00,0.000000000000000000e+00,8.192075547701366966e-22,0.000000000000000000e+00,0.000000000000000000e+00,0.000000000000000000e+00,0.000000000000000000e+00,0.000000000000000000e+00,0.000000000000000000e+00,0.000000000000000000e+00,1.085582638174022868e-01,1.185893224670256652e-01,4.046173122310793568e-02,1.127066828602953270e-02,2.347256702767513117e-18,0.000000000000000000e+00,1.359884599445129891e-22,0.000000000000000000e+00,0.000000000000000000e+00,0.000000000000000000e+00,0.000000000000000000e+00,0.000000000000000000e+00,7.140239639130706520e-21,0.000000000000000000e+00,0.000000000000000000e+00,0.000000000000000000e+00,0.000000000000000000e+00,2.161738958951107853e-18,0.000000000000000000e+00,1.945679285244104190e-02,6.061403149193678175e-02,9.831299123530708173e-02,1.181623108325579041e-01,3.930611244969183654e-02,1.428047927826136188e-20,4.808719511008933909e-19,0.000000000000000000e+00,4.808719511008933909e-19,0.000000000000000000e+00,4.088318560056967814e-18,0.000000000000000000e+00,0.000000000000000000e+00,0.000000000000000000e+00,0.000000000000000000e+00,0.000000000000000000e+00,0.000000000000000000e+00,0.000000000000000000e+00,0.000000000000000000e+00,0.000000000000000000e+00,0.000000000000000000e+00,1.945679285244104190e-02,9.831299123530708173e-02,9.831299123530708173e-02,2.277748615124898512e-02,0.000000000000000000e+00,0.000000000000000000e+00,6.210187359689842530e-19,0.000000000000000000e+00,0.000000000000000000e+00,0.000000000000000000e+00,0.000000000000000000e+00,0.000000000000000000e+00,0.000000000000000000e+00,6.405340018412953218e-05,0.000000000000000000e+00,0.000000000000000000e+00,0.000000000000000000e+00,0.000000000000000000e+00,0.000000000000000000e+00,1.761699194562724787e-18,2.122180036763990909e-19,9.357741623037126380e-03,2.199295543839582478e-20,0.000000000000000000e+00,0.000000000000000000e+00,0.000000000000000000e+00,0.000000000000000000e+00,0.000000000000000000e+00,0.000000000000000000e+00,2.256201262182759954e-19,0.000000000000000000e+00,0.000000000000000000e+00,0.000000000000000000e+00,0.000000000000000000e+00,0.000000000000000000e+00,0.000000000000000000e+00,0.000000000000000000e+00,0.000000000000000000e+00,0.000000000000000000e+00,0.000000000000000000e+00,0.000000000000000000e+00,2.161738958951107853e-18,1.744336559560323364e-19,0.000000000000000000e+00,0.000000000000000000e+00,2.238972817878908047e-19,0.000000000000000000e+00,2.207797847434228155e-19,0.000000000000000000e+00,0.000000000000000000e+00,4.952391285567178274e-34,0.000000000000000000e+00,0.000000000000000000e+00,0.000000000000000000e+00,0.000000000000000000e+00,0.000000000000000000e+00,6.210855315156141440e-19,2.122180036763990909e-19,0.000000000000000000e+00,2.122180036763990909e-19,0.000000000000000000e+00,6.212518495375925108e-19,2.161738958951107853e-18,2.122180036763990909e-19,1.976671121300614393e-21,1.547622276739743211e-35,0.000000000000000000e+00,1.167927811149174091e-20,0.000000000000000000e+00,0.000000000000000000e+00,0.000000000000000000e+00,0.000000000000000000e+00,0.000000000000000000e+00,0.000000000000000000e+00,0.000000000000000000e+00,0.000000000000000000e+00,1.202179877752233477e-19,0.000000000000000000e+00,0.000000000000000000e+00,0.000000000000000000e+00,0.000000000000000000e+00,0.000000000000000000e+00,0.000000000000000000e+00,1.761699194562724787e-18,0.000000000000000000e+00,0.000000000000000000e+00,0.000000000000000000e+00,0.000000000000000000e+00,0.000000000000000000e+00,0.000000000000000000e+00,0.000000000000000000e+00,3.304021059599435064e-03,0.000000000000000000e+00,0.000000000000000000e+00,0.000000000000000000e+00,0.000000000000000000e+00,0.000000000000000000e+00,0.000000000000000000e+00,0.000000000000000000e+00,0.000000000000000000e+00,0.000000000000000000e+00,0.000000000000000000e+00,0.000000000000000000e+00,0.000000000000000000e+00,0.000000000000000000e+00,0.000000000000000000e+00,0.000000000000000000e+00,0.000000000000000000e+00,2.122180036763990909e-19,0.000000000000000000e+00,0.000000000000000000e+00,1.869378136803158050e-02,0.000000000000000000e+00,0.000000000000000000e+00,0.000000000000000000e+00,0.000000000000000000e+00,0.000000000000000000e+00,0.000000000000000000e+00,0.000000000000000000e+00,0.000000000000000000e+00,0.000000000000000000e+00,0.000000000000000000e+00,0.000000000000000000e+00,0.000000000000000000e+00,0.000000000000000000e+00,5.570335038871005730e-19,2.336153218308167891e-19,0.000000000000000000e+00,0.000000000000000000e+00,0.000000000000000000e+00,0.000000000000000000e+00,1.397932678604452486e-02,0.000000000000000000e+00,0.000000000000000000e+00,0.000000000000000000e+00,0.000000000000000000e+00,0.000000000000000000e+00,0.000000000000000000e+00,0.000000000000000000e+00,0.000000000000000000e+00,0.000000000000000000e+00,0.000000000000000000e+00,0.000000000000000000e+00,2.389410969752160210e-19,0.000000000000000000e+00,0.000000000000000000e+00,0.000000000000000000e+00,0.000000000000000000e+00,2.442576758503722759e-18,2.122180036763990909e-19,2.122180036763990909e-19,2.787948443534154369e-18,0.000000000000000000e+00,0.000000000000000000e+00,0.000000000000000000e+00,0.000000000000000000e+00,0.000000000000000000e+00,0.000000000000000000e+00,0.000000000000000000e+00,0.000000000000000000e+00,0.000000000000000000e+00,0.000000000000000000e+00,0.000000000000000000e+00,0.000000000000000000e+00,1.799234673306438258e-19,0.000000000000000000e+00,1.799234673306438258e-19,2.161738958951107853e-18,0.000000000000000000e+00,0.000000000000000000e+00,1.937241911891721677e-35,1.638510372213484133e-03,0.000000000000000000e+00,0.000000000000000000e+00,0.000000000000000000e+00,0.000000000000000000e+00,0.000000000000000000e+00,0.000000000000000000e+00,0.000000000000000000e+00,0.000000000000000000e+00,0.000000000000000000e+00,0.000000000000000000e+00,0.000000000000000000e+00,0.000000000000000000e+00,0.000000000000000000e+00,0.000000000000000000e+00,0.000000000000000000e+00,0.000000000000000000e+00,0.000000000000000000e+00,0.000000000000000000e+00,0.000000000000000000e+00,0.000000000000000000e+00
2.540063412314661970e-03,2.540063412314660669e-03,2.540063412314660669e-03,2.540063412314655465e-03,2.540063412314656332e-03,2.540063412314661970e-03,0.000000000000000000e+00,0.000000000000000000e+00,2.540063412314657199e-03,2.556023686252038418e-03,0.000000000000000000e+00,0.000000000000000000e+00,0.000000000000000000e+00,0.000000000000000000e+00,0.000000000000000000e+00,0.000000000000000000e+00,0.000000000000000000e+00,0.000000000000000000e+00,0.000000000000000000e+00,0.000000000000000000e+00,2.764385659635864873e-03,1.592415826569811748e-03,0.000000000000000000e+00,0.000000000000000000e+00,2.540063412314655898e-03,1.389532195104578724e-03,0.000000000000000000e+00,0.000000000000000000e+00,7.707208039322984653e-04,0.000000000000000000e+00,2.540063412314660669e-03,4.369793136890130596e-03,0.000000000000000000e+00,0.000000000000000000e+00,0.000000000000000000e+00,0.000000000000000000e+00,0.000000000000000000e+00,0.000000000000000000e+00,0.000000000000000000e+00,0.000000000000000000e+00,7.707208039322983569e-04,0.000000000000000000e+00,3.360118391542986167e-19,2.848788232735194731e-19,0.000000000000000000e+00,0.000000000000000000e+00,0.000000000000000000e+00,0.000000000000000000e+00,0.000000000000000000e+00,0.000000000000000000e+00,0.000000000000000000e+00,0.000000000000000000e+00,1.829729724575477516e-03,0.000000000000000000e+00,0.000000000000000000e+00,0.000000000000000000e+00,0.000000000000000000e+00,0.000000000000000000e+00,0.000000000000000000e+00,0.000000000000000000e+00,7.707208039322983569e-04,1.130651919219674577e-18,9.547463755767789462e-19,0.000000000000000000e+00,0.000000000000000000e+00,0.000000000000000000e+00,2.070373031582901370e-19,0.000000000000000000e+00,5.067045052288303565e-19,0.000000000000000000e+00,0.000000000000000000e+00,0.000000000000000000e+00,6.777547115634672496e-04,1.829729724575477516e-03,1.829729724575477516e-03,0.000000000000000000e+00,0.000000000000000000e+00,0.000000000000000000e+00,0.000000000000000000e+00,0.000000000000000000e+00,0.000000000000000000e+00,0.000000000000000000e+00,0.000000000000000000e+00,0.000000000000000000e+00,1.021286880079460696e-18,0.000000000000000000e+00,2.197027282324623996e-19,1.333151494087252695e-18,0.000000000000000000e+00,2.431601213185468929e-18,3.495679925104195342e-19,0.000000000000000000e+00,2.070373031582901370e-19,0.000000000000000000e+00,2.218256819553108835e-19,0.000000000000000000e+00,0.000000000000000000e+00,0.000000000000000000e+00,0.000000000000000000e+00,0.000000000000000000e+00,0.000000000000000000e+00,0.000000000000000000e+00,3.360118391542986167e-19,2.848788232735194731e-19,3.024949118367352679e-03,3.024949118367352679e-03,0.000000000000000000e+00,1.021286880079460696e-18,0.000000000000000000e+00,1.656420813129980043e-03,1.829729724575478384e-03,0.000000000000000000e+00,1.829729724575480769e-03,2.070373031582901370e-19,1.829729724575480119e-03,0.000000000000000000e+00,0.000000000000000000e+00,0.000000000000000000e+00,0.000000000000000000e+00,0.000000000000000000e+00,1.110473658332991435e-02,0.000000000000000000e+00,0.000000000000000000e+00,0.000000000000000000e+00,2.848788232735194731e-19,0.000000000000000000e+00,1.849050704662411407e-03,3.024949118367352679e-03,2.218256819553108835e-19,2.070373031582903296e-19,0.000000000000000000e+00,2.218256819553108835e-19,0.000000000000000000e+00,0.000000000000000000e+00,1.829729724575478384e-03,0.000000000000000000e+00,1.829729724575479902e-03,0.000000000000000000e+00,0.000000000000000000e+00,0.000000000000000000e+00,0.000000000000000000e+00,9.547463755767789462e-19,0.000000000000000000e+00,3.422753351672588236e-18,0.000000000000000000e+00,0.000000000000000000e+00,0.000000000000000000e+00,0.000000000000000000e+00,6.223467804534542347e-02,0.000000000000000000e+00,0.000000000000000000e+00,0.000000000000000000e+00,0.000000000000000000e+00,0.000000000000000000e+00,0.000000000000000000e+00,2.070373031582901370e-19,7.356763339918798291e-04,6.148504165607126598e-19,0.000000000000000000e+00,0.000000000000000000e+00,0.000000000000000000e+00,0.000000000000000000e+00,0.000000000000000000e+00,0.000000000000000000e+00,9.464562430093264232e-19,0.000000000000000000e+00,0.000000000000000000e+00,0.000000000000000000e+00,8.922546263676328637e-02,9.250926696596940835e-02,6.406440776992090858e-02,1.784522478621342750e-02,0.000000000000000000e+00,0.000000000000000000e+00,0.000000000000000000e+00,0.000000000000000000e+00,0.000000000000000000e+00,0.000000000000000000e+00,0.000000000000000000e+00,0.000000000000000000e+00,1.130537942862362167e-20,0.000000000000000000e+00,0.000000000000000000e+00,0.000000000000000000e+00,0.000000000000000000e+00,3.422753351672588236e-18,3.697094699255181341e-21,3.080658868303165487e-02,6.312576565324511113e-02,7.086329299405620674e-02,1.014069212923923158e-01,6.223467804534542347e-02,2.261075885724716208e-20,7.613805892430813949e-19,0.000000000000000000e+00,7.613805892430813949e-19,0.000000000000000000e+00,6.471735008566192675e-18,3.024949118367352679e-03,0.000000000000000000e+00,0.000000000000000000e+00,0.000000000000000000e+00,0.000000000000000000e+00,0.000000000000000000e+00,0.000000000000000000e+00,0.000000000000000000e+00,0.000000000000000000e+00,0.000000000000000000e+00,3.080658868303165487e-02,6.997883193007853331e-02,6.997883193007853331e-02,7.300963265530730807e-03,0.000000000000000000e+00,0.000000000000000000e+00,9.816816477253037547e-19,0.000000000000000000e+00,2.070373031582901370e-19,1.726235721826490317e-19,3.990245863268856909e-04,0.000000000000000000e+00,0.000000000000000000e+00,1.014178836248717807e-04,0.000000000000000000e+00,0.000000000000000000e+00,0.000000000000000000e+00,0.000000000000000000e+00,0.000000000000000000e+00,2.789357058057648286e-18,3.360118391542986167e-19,1.481642423647545198e-02,9.545734055531282861e-03,0.000000000000000000e+00,0.000000000000000000e+00,0.000000000000000000e+00,0.000000000000000000e+00,0.000000000000000000e+00,0.000000000000000000e+00,3.555466549359185495e-19,0.000000000000000000e+00,0.000000000000000000e+00,0.000000000000000000e+00,0.000000000000000000e+00,0.000000000000000000e+00,0.000000000000000000e+00,0.000000000000000000e+00,0.000000000000000000e+00,0.000000000000000000e+00,0.000000000000000000e+00,0.000000000000000000e+00,3.422753351672588236e-18,2.830463314902886571e-19,0.000000000000000000e+00,0.000000000000000000e+00,3.360118391542986167e-19,0.000000000000000000e+00,3.495679925104195342e-19,0.000000000000000000e+00,0.000000000000000000e+00,0.000000000000000000e+00,2.202158225716794281e-03,0.000000000000000000e+00,0.000000000000000000e+00,0.000000000000000000e+00,0.000000000000000000e+00,0.000000000000000000e+00,3.360118391542986167e-19,0.000000000000000000e+00,3.360118391542986167e-19,0.000000000000000000e+00,0.000000000000000000e+00,3.422753351672588236e-18,3.360118391542986167e-19,3.129729275392640082e-21,0.000000000000000000e+00,0.000000000000000000e+00,0.000000000000000000e+00,0.000000000000000000e+00,0.000000000000000000e+00,0.000000000000000000e+00,0.000000000000000000e+00,0.000000000000000000e+00,0.000000000000000000e+00,0.000000000000000000e+00,0.000000000000000000e+00,1.903451473107703487e-19,0.000000000000000000e+00,0.000000000000000000e+00,0.000000000000000000e+00,0.000000000000000000e+00,0.000000000000000000e+00,0.000000000000000000e+00,2.789357058057648286e-18,2.957675759404145073e-20,0.000000000000000000e+00,0.000000000000000000e+00,0.000000000000000000e+00,0.000000000000000000e+00,0.000000000000000000e+00,0.000000000000000000e+00,5.231366677699106349e-03,0.000000000000000000e+00,0.000000000000000000e+00,0.000000000000000000e+00,0.000000000000000000e+00,0.000000000000000000e+00,0.000000000000000000e+00,0.000000000000000000e+00,0.000000000000000000e+00,0.000000000000000000e+00,0.000000000000000000e+00,2.366140607523316058e-19,0.000000000000000000e+00,0.000000000000000000e+00,0.000000000000000000e+00,0.000000000000000000e+00,0.000000000000000000e+00,3.360118391542986167e-19,0.000000000000000000e+00,0.000000000000000000e+00,2.959848716605000679e-02,0.000000000000000000e+00,0.000000000000000000e+00,0.000000000000000000e+00,0.000000000000000000e+00,0.000000000000000000e+00,0.000000000000000000e+00,2.137276412616428078e-04,0.000000000000000000e+00,0.000000000000000000e+00,0.000000000000000000e+00,0.000000000000000000e+00,0.000000000000000000e+00,0.000000000000000000e+00,8.819697144879092406e-19,3.698909262321266750e-19,0.000000000000000000e+00,0.000000000000000000e+00,0.000000000000000000e+00,0.000000000000000000e+00,2.213393407790383710e-02,0.000000000000000000e+00,0.000000000000000000e+00,0.000000000000000000e+00,0.000000000000000000e+00,0.000000000000000000e+00,0.000000000000000000e+00,0.000000000000000000e+00,7.707208039322983569e-04,7.707208039322983569e-04,0.000000000000000000e+00,0.000000000000000000e+00,3.360118391542986167e-19,0.000000000000000000e+00,0.000000000000000000e+00,0.000000000000000000e+00,0.000000000000000000e+00,3.360118391542986167e-19,3.360118391542986167e-19,3.360118391542986167e-19,0.000000000000000000e+00,0.000000000000000000e+00,0.000000000000000000e+00,0.000000000000000000e+00,0.000000000000000000e+00,0.000000000000000000e+00,0.000000000000000000e+00,0.000000000000000000e+00,0.000000000000000000e+00,0.000000000000000000e+00,7.707208039322983569e-04,5.869955803570545009e-04,0.000000000000000000e+00,3.535614934871054668e-04,7.707208039322983569e-04,2.848788232735194731e-19,3.422753351672588236e-18,1.626721667672279700e-19,0.000000000000000000e+00,0.000000000000000000e+00,2.594308089338017050e-03,0.000000000000000000e+00,0.000000000000000000e+00,0.000000000000000000e+00,0.000000000000000000e+00,0.000000000000000000e+00,0.000000000000000000e+00,0.000000000000000000e+00,0.000000000000000000e+00,0.000000000000000000e+00,0.000000000000000000e+00,0.000000000000000000e+00,0.000000000000000000e+00,0.000000000000000000e+00,0.000000000000000000e+00,0.000000000000000000e+00,0.000000000000000000e+00,0.000000000000000000e+00,0.000000000000000000e+00,0.000000000000000000e+00,0.000000000000000000e+00
1.069500384132489410e-03,1.069500384132488977e-03,1.069500384132488977e-03,1.069500384132486808e-03,1.069500384132487025e-03,1.069500384132490711e-03,0.000000000000000000e+00,0.000000000000000000e+00,1.069500384132487242e-03,1.173242164725470582e-03,0.000000000000000000e+00,0.000000000000000000e+00,0.000000000000000000e+00,0.000000000000000000e+00,0.000000000000000000e+00,0.000000000000000000e+00,0.000000000000000000e+00,0.000000000000000000e+00,0.000000000000000000e+00,0.000000000000000000e+00,2.527594991720345796e-03,6.704908743451840764e-04,0.000000000000000000e+00,0.000000000000000000e+00,1.069500384132486808e-03,5.850661874124543421e-04,0.000000000000000000e+00,0.000000000000000000e+00,5.009685225559943819e-03,0.000000000000000000e+00,1.069500384132488977e-03,1.839912899743213065e-03,0.000000000000000000e+00,0.000000000000000000e+00,0.000000000000000000e+00,0.000000000000000000e+00,0.000000000000000000e+00,0.000000000000000000e+00,0.000000000000000000e+00,0.000000000000000000e+00,5.009685225559942952e-03,0.000000000000000000e+00,1.414786691175994100e-19,1.199489782204292734e-19,0.000000000000000000e+00,0.000000000000000000e+00,0.000000000000000000e+00,0.000000000000000000e+00,0.000000000000000000e+00,0.000000000000000000e+00,0.000000000000000000e+00,0.000000000000000000e+00,7.704125156107275579e-04,0.000000000000000000e+00,0.000000000000000000e+00,0.000000000000000000e+00,0.000000000000000000e+00,0.000000000000000000e+00,0.000000000000000000e+00,0.000000000000000000e+00,5.009685225559942952e-03,7.799517215823925779e-19,4.019984739270649208e-19,0.000000000000000000e+00,0.000000000000000000e+00,0.000000000000000000e+00,1.345742470528887034e-18,0.000000000000000000e+00,1.561815910929951244e-18,0.000000000000000000e+00,0.000000000000000000e+00,0.000000000000000000e+00,2.853704048688284183e-04,7.704125156107275579e-04,7.704125156107275579e-04,0.000000000000000000e+00,0.000000000000000000e+00,0.000000000000000000e+00,0.000000000000000000e+00,0.000000000000000000e+00,0.000000000000000000e+00,0.000000000000000000e+00,0.000000000000000000e+00,0.000000000000000000e+00,4.300155284545098933e-19,0.000000000000000000e+00,1.428067733511006801e-18,1.819895814077924093e-18,0.000000000000000000e+00,1.023832089762302707e-18,1.471865231622819091e-19,0.000000000000000000e+00,1.345742470528887034e-18,0.000000000000000000e+00,1.441866932709522042e-18,0.000000000000000000e+00,0.000000000000000000e+00,0.000000000000000000e+00,0.000000000000000000e+00,0.000000000000000000e+00,0.000000000000000000e+00,0.000000000000000000e+00,1.414786691175994100e-19,1.199489782204292734e-19,1.966216926938780737e-02,1.966216926938780737e-02,0.000000000000000000e+00,4.300155284545098933e-19,0.000000000000000000e+00,6.974403423705179128e-04,7.704125156107279916e-04,0.000000000000000000e+00,7.704125156107288590e-04,1.345742470528887034e-18,7.704125156107295095e-04,0.000000000000000000e+00,0.000000000000000000e+00,0.000000000000000000e+00,0.000000000000000000e+00,0.000000000000000000e+00,4.675678561402069749e-03,0.000000000000000000e+00,0.000000000000000000e+00,0.000000000000000000e+00,1.199489782204292734e-19,0.000000000000000000e+00,1.201882958030568369e-02,1.966216926938780737e-02,1.441866932709522042e-18,1.345742470528886842e-18,0.000000000000000000e+00,1.441866932709522042e-18,0.000000000000000000e+00,0.000000000000000000e+00,7.704125156107279916e-04,0.000000000000000000e+00,7.704125156107284253e-04,0.000000000000000000e+00,0.000000000000000000e+00,0.000000000000000000e+00,0.000000000000000000e+00,4.019984739270649208e-19,0.000000000000000000e+00,1.441159305967405877e-18,0.000000000000000000e+00,0.000000000000000000e+00,0.000000000000000000e+00,0.000000000000000000e+00,2.620407496646123824e-02,0.000000000000000000e+00,0.000000000000000000e+00,0.000000000000000000e+00,0.000000000000000000e+00,0.000000000000000000e+00,0.000000000000000000e+00,1.345742470528887034e-18,3.097584564176349533e-04,1.517453255119380748e-18,0.000000000000000000e+00,0.000000000000000000e+00,0.000000000000000000e+00,0.000000000000000000e+00,0.000000000000000000e+00,0.000000000000000000e+00,6.151965579560625892e-18,0.000000000000000000e+00,0.000000000000000000e+00,0.000000000000000000e+00,1.141554816642461612e-01,3.895127030146081082e-02,2.697448748207196406e-02,7.513778857353025850e-03,0.000000000000000000e+00,0.000000000000000000e+00,0.000000000000000000e+00,0.000000000000000000e+00,0.000000000000000000e+00,0.000000000000000000e+00,0.000000000000000000e+00,0.000000000000000000e+00,4.760159759420472518e-21,0.000000000000000000e+00,0.000000000000000000e+00,0.000000000000000000e+00,0.000000000000000000e+00,1.441159305967405877e-18,2.403111554515869489e-20,1.297119523496070501e-02,4.311819987404429816e-02,9.341212758931641269e-02,1.008960104049620859e-01,2.620407496646123824e-02,9.520319518840911934e-21,3.205813007339291199e-19,0.000000000000000000e+00,3.205813007339291199e-19,0.000000000000000000e+00,2.724941056238397808e-18,1.966216926938780737e-02,0.000000000000000000e+00,0.000000000000000000e+00,0.000000000000000000e+00,0.000000000000000000e+00,0.000000000000000000e+00,0.000000000000000000e+00,0.000000000000000000e+00,0.000000000000000000e+00,0.000000000000000000e+00,1.297119523496069807e-02,8.766313067346154231e-02,8.766313067346154231e-02,4.745626122594978624e-02,0.000000000000000000e+00,0.000000000000000000e+00,4.133396411474963938e-19,0.000000000000000000e+00,1.345742470528887034e-18,1.122053219187219657e-18,2.593659811124759268e-03,0.000000000000000000e+00,0.000000000000000000e+00,4.270226678941969715e-05,0.000000000000000000e+00,0.000000000000000000e+00,0.000000000000000000e+00,0.000000000000000000e+00,0.000000000000000000e+00,1.174466129708483834e-18,1.414786691175994100e-19,6.238494415358085410e-03,6.204727136095337936e-02,0.000000000000000000e+00,0.000000000000000000e+00,0.000000000000000000e+00,0.000000000000000000e+00,0.000000000000000000e+00,0.000000000000000000e+00,1.497038547098604647e-19,0.000000000000000000e+00,0.000000000000000000e+00,0.000000000000000000e+00,0.000000000000000000e+00,0.000000000000000000e+00,0.000000000000000000e+00,0.000000000000000000e+00,0.000000000000000000e+00,0.000000000000000000e+00,0.000000000000000000e+00,0.000000000000000000e+00,1.441159305967405877e-18,1.608772161100647955e-19,0.000000000000000000e+00,0.000000000000000000e+00,1.414786691175994100e-19,0.000000000000000000e+00,1.471865231622819091e-19,0.000000000000000000e+00,0.000000000000000000e+00,0.000000000000000000e+00,1.431402846715917540e-02,0.000000000000000000e+00,0.000000000000000000e+00,0.000000000000000000e+00,0.000000000000000000e+00,0.000000000000000000e+00,1.414786691175994100e-19,0.000000000000000000e+00,1.414786691175994100e-19,0.000000000000000000e+00,0.000000000000000000e+00,1.441159305967405877e-18,1.414786691175994100e-19,1.317780747533743430e-21,0.000000000000000000e+00,0.000000000000000000e+00,0.000000000000000000e+00,0.000000000000000000e+00,0.000000000000000000e+00,0.000000000000000000e+00,0.000000000000000000e+00,0.000000000000000000e+00,0.000000000000000000e+00,0.000000000000000000e+00,0.000000000000000000e+00,8.014532518348227997e-20,0.000000000000000000e+00,0.000000000000000000e+00,0.000000000000000000e+00,0.000000000000000000e+00,0.000000000000000000e+00,0.000000000000000000e+00,1.174466129708483834e-18,1.922489243612695591e-19,0.000000000000000000e+00,0.000000000000000000e+00,0.000000000000000000e+00,0.000000000000000000e+00,0.000000000000000000e+00,0.000000000000000000e+00,2.202680706399623954e-03,0.000000000000000000e+00,0.000000000000000000e+00,0.000000000000000000e+00,0.000000000000000000e+00,0.000000000000000000e+00,0.000000000000000000e+00,0.000000000000000000e+00,0.000000000000000000e+00,0.000000000000000000e+00,0.000000000000000000e+00,1.537991394890156473e-18,0.000000000000000000e+00,0.000000000000000000e+00,0.000000000000000000e+00,0.000000000000000000e+00,0.000000000000000000e+00,1.414786691175994100e-19,0.000000000000000000e+00,0.000000000000000000e+00,1.246252091202105713e-02,0.000000000000000000e+00,0.000000000000000000e+00,0.000000000000000000e+00,0.000000000000000000e+00,0.000000000000000000e+00,0.000000000000000000e+00,1.389229668200679321e-03,0.000000000000000000e+00,0.000000000000000000e+00,0.000000000000000000e+00,0.000000000000000000e+00,0.000000000000000000e+00,0.000000000000000000e+00,3.713556692580671450e-19,1.557435478872112569e-19,0.000000000000000000e+00,0.000000000000000000e+00,0.000000000000000000e+00,0.000000000000000000e+00,9.319551190696355111e-03,0.000000000000000000e+00,0.000000000000000000e+00,0.000000000000000000e+00,0.000000000000000000e+00,0.000000000000000000e+00,0.000000000000000000e+00,0.000000000000000000e+00,5.009685225559942952e-03,5.009685225559942952e-03,0.000000000000000000e+00,0.000000000000000000e+00,1.414786691175994100e-19,0.000000000000000000e+00,0.000000000000000000e+00,0.000000000000000000e+00,0.000000000000000000e+00,1.414786691175994100e-19,1.414786691175994100e-19,1.414786691175994100e-19,0.000000000000000000e+00,0.000000000000000000e+00,0.000000000000000000e+00,0.000000000000000000e+00,0.000000000000000000e+00,0.000000000000000000e+00,0.000000000000000000e+00,0.000000000000000000e+00,0.000000000000000000e+00,0.000000000000000000e+00,5.009685225559942952e-03,3.815471272320856803e-03,0.000000000000000000e+00,2.298149707666185398e-03,5.009685225559942952e-03,1.199489782204292734e-19,1.441159305967405877e-18,1.057369083986982587e-18,0.000000000000000000e+00,0.000000000000000000e+00,1.092340248142323117e-03,0.000000000000000000e+00,0.000000000000000000e+00,0.000000000000000000e+00,0.000000000000000000e+00,0.000000000000000000e+00,0.000000000000000000e+00,0.000000000000000000e+00,0.000000000000000000e+00,0.000000000000000000e+00,0.000000000000000000e+00,0.000000000000000000e+00,0.000000000000000000e+00,0.000000000000000000e+00,0.000000000000000000e+00,0.000000000000000000e+00,0.000000000000000000e+00,0.000000000000000000e+00,0.000000000000000000e+00,0.000000000000000000e+00,0.000000000000000000e+00
0.000000000000000000e+00,0.000000000000000000e+00,0.000000000000000000e+00,0.000000000000000000e+00,0.000000000000000000e+00,1.863335728424613231e-18,0.000000000000000000e+00,0.000000000000000000e+00,1.069644665872862647e-04,8.557496677074709606e-04,0.000000000000000000e+00,0.000000000000000000e+00,0.000000000000000000e+00,0.000000000000000000e+00,0.000000000000000000e+00,0.000000000000000000e+00,0.000000000000000000e+00,0.000000000000000000e+00,0.000000000000000000e+00,0.000000000000000000e+00,2.018900225890882076e-03,0.000000000000000000e+00,2.000575280672884457e-22,0.000000000000000000e+00,0.000000000000000000e+00,0.000000000000000000e+00,0.000000000000000000e+00,0.000000000000000000e+00,6.936487235390694644e-03,1.651375022914239636e-05,0.000000000000000000e+00,1.651375022914245734e-05,0.000000000000000000e+00,0.000000000000000000e+00,0.000000000000000000e+00,0.000000000000000000e+00,0.000000000000000000e+00,0.000000000000000000e+00,0.000000000000000000e+00,0.000000000000000000e+00,6.936487235390692910e-03,0.000000000000000000e+00,0.000000000000000000e+00,0.000000000000000000e+00,0.000000000000000000e+00,0.000000000000000000e+00,0.000000000000000000e+00,0.000000000000000000e+00,0.000000000000000000e+00,0.000000000000000000e+00,0.000000000000000000e+00,0.000000000000000000e+00,1.651375022914246412e-05,0.000000000000000000e+00,0.000000000000000000e+00,0.000000000000000000e+00,0.000000000000000000e+00,0.000000000000000000e+00,0.000000000000000000e+00,0.000000000000000000e+00,8.442126943064894723e-03,1.321613952443004137e-05,0.000000000000000000e+00,0.000000000000000000e+00,0.000000000000000000e+00,0.000000000000000000e+00,1.864181810942549938e-18,0.000000000000000000e+00,1.687245483586319837e-03,0.000000000000000000e+00,0.000000000000000000e+00,0.000000000000000000e+00,0.000000000000000000e+00,3.367405234388702862e-06,1.651375022914239636e-05,0.000000000000000000e+00,0.000000000000000000e+00,0.000000000000000000e+00,0.000000000000000000e+00,0.000000000000000000e+00,8.980003962728190861e-03,0.000000000000000000e+00,0.000000000000000000e+00,0.000000000000000000e+00,3.716711552260800079e-37,0.000000000000000000e+00,1.977324554092164004e-18,1.863335728424613231e-18,0.000000000000000000e+00,0.000000000000000000e+00,0.000000000000000000e+00,0.000000000000000000e+00,1.863335728424613231e-18,0.000000000000000000e+00,1.996431137597800166e-18,0.000000000000000000e+00,0.000000000000000000e+00,0.000000000000000000e+00,0.000000000000000000e+00,0.000000000000000000e+00,0.000000000000000000e+00,0.000000000000000000e+00,0.000000000000000000e+00,0.000000000000000000e+00,2.722454206530620230e-02,2.722454206530620230e-02,0.000000000000000000e+00,0.000000000000000000e+00,1.181051202056886053e-04,1.181051202056886053e-04,0.000000000000000000e+00,0.000000000000000000e+00,0.000000000000000000e+00,1.863335728424613231e-18,9.513812509432651206e-19,0.000000000000000000e+00,0.000000000000000000e+00,0.000000000000000000e+00,0.000000000000000000e+00,0.000000000000000000e+00,2.100045982099345407e-04,0.000000000000000000e+00,5.680950000101537851e-04,0.000000000000000000e+00,0.000000000000000000e+00,1.894930317970165354e-03,1.664145634196172174e-02,2.722454206530620230e-02,6.327241987646516649e-05,1.181051202056905162e-04,0.000000000000000000e+00,1.996431137597800166e-18,3.953739891752505740e-19,2.971269386413114927e-21,0.000000000000000000e+00,6.203416050243510163e-21,0.000000000000000000e+00,0.000000000000000000e+00,0.000000000000000000e+00,0.000000000000000000e+00,0.000000000000000000e+00,0.000000000000000000e+00,0.000000000000000000e+00,1.017011669174959257e-21,0.000000000000000000e+00,0.000000000000000000e+00,3.215030779813655721e-03,0.000000000000000000e+00,0.000000000000000000e+00,1.404510601381595437e-03,3.114694819701732115e-19,7.049962391685356142e-21,3.470650632187567814e-21,-1.987465378694166478e-37,0.000000000000000000e+00,1.863335728424613231e-18,1.863335728424613231e-18,1.863335728424613231e-18,0.000000000000000000e+00,0.000000000000000000e+00,0.000000000000000000e+00,0.000000000000000000e+00,0.000000000000000000e+00,0.000000000000000000e+00,8.518106187083946861e-18,0.000000000000000000e+00,0.000000000000000000e+00,6.777069832209429122e-03,1.316563223489332912e-01,1.765849904799995235e-02,0.000000000000000000e+00,1.863335728424613231e-18,0.000000000000000000e+00,6.835639055556337960e-37,0.000000000000000000e+00,0.000000000000000000e+00,2.616845881800326159e-20,0.000000000000000000e+00,0.000000000000000000e+00,0.000000000000000000e+00,0.000000000000000000e+00,0.000000000000000000e+00,0.000000000000000000e+00,0.000000000000000000e+00,0.000000000000000000e+00,0.000000000000000000e+00,3.327385229329666743e-20,4.259053093541973430e-18,2.516136470123209526e-02,1.123919298594261429e-01,1.002470230121903505e-01,0.000000000000000000e+00,0.000000000000000000e+00,0.000000000000000000e+00,0.000000000000000000e+00,0.000000000000000000e+00,6.693161574514277545e-21,0.000000000000000000e+00,2.722454206530620230e-02,0.000000000000000000e+00,0.000000000000000000e+00,0.000000000000000000e+00,0.000000000000000000e+00,0.000000000000000000e+00,0.000000000000000000e+00,1.108283588290076692e-21,0.000000000000000000e+00,0.000000000000000000e+00,3.694490766252725531e-05,9.681048085468733910e-02,1.004699262717718283e-01,6.570866938977665273e-02,0.000000000000000000e+00,0.000000000000000000e+00,0.000000000000000000e+00,0.000000000000000000e+00,1.863335728424613231e-18,1.553612149643843091e-18,3.591221276941975338e-03,0.000000000000000000e+00,0.000000000000000000e+00,0.000000000000000000e+00,0.000000000000000000e+00,0.000000000000000000e+00,0.000000000000000000e+00,0.000000000000000000e+00,1.108283588290076692e-21,0.000000000000000000e+00,0.000000000000000000e+00,0.000000000000000000e+00,8.591160649978163422e-02,0.000000000000000000e+00,1.155605442142017313e-03,2.326701043615792865e-03,1.651544579854924942e-03,0.000000000000000000e+00,0.000000000000000000e+00,0.000000000000000000e+00,0.000000000000000000e+00,0.000000000000000000e+00,0.000000000000000000e+00,0.000000000000000000e+00,0.000000000000000000e+00,0.000000000000000000e+00,0.000000000000000000e+00,0.000000000000000000e+00,0.000000000000000000e+00,0.000000000000000000e+00,0.000000000000000000e+00,0.000000000000000000e+00,6.173738603913676506e-20,0.000000000000000000e+00,0.000000000000000000e+00,5.541731823429446417e-03,2.306220051426112385e-03,0.000000000000000000e+00,0.000000000000000000e+00,0.000000000000000000e+00,0.000000000000000000e+00,2.015600232299187555e-02,0.000000000000000000e+00,0.000000000000000000e+00,0.000000000000000000e+00,0.000000000000000000e+00,0.000000000000000000e+00,0.000000000000000000e+00,0.000000000000000000e+00,0.000000000000000000e+00,0.000000000000000000e+00,0.000000000000000000e+00,0.000000000000000000e+00,0.000000000000000000e+00,0.000000000000000000e+00,0.000000000000000000e+00,0.000000000000000000e+00,1.649233778830644457e-03,0.000000000000000000e+00,0.000000000000000000e+00,0.000000000000000000e+00,0.000000000000000000e+00,0.000000000000000000e+00,0.000000000000000000e+00,0.000000000000000000e+00,0.000000000000000000e+00,0.000000000000000000e+00,0.000000000000000000e+00,0.000000000000000000e+00,0.000000000000000000e+00,0.000000000000000000e+00,0.000000000000000000e+00,0.000000000000000000e+00,0.000000000000000000e+00,2.661908183463733394e-19,0.000000000000000000e+00,0.000000000000000000e+00,0.000000000000000000e+00,1.651544579854924942e-03,9.706663001393042722e-04,3.169671739851957556e-20,0.000000000000000000e+00,0.000000000000000000e+00,0.000000000000000000e+00,0.000000000000000000e+00,0.000000000000000000e+00,0.000000000000000000e+00,0.000000000000000000e+00,0.000000000000000000e+00,0.000000000000000000e+00,0.000000000000000000e+00,0.000000000000000000e+00,2.129526546770986715e-18,0.000000000000000000e+00,0.000000000000000000e+00,0.000000000000000000e+00,0.000000000000000000e+00,0.000000000000000000e+00,0.000000000000000000e+00,0.000000000000000000e+00,0.000000000000000000e+00,1.994176204381027141e-03,0.000000000000000000e+00,0.000000000000000000e+00,0.000000000000000000e+00,0.000000000000000000e+00,0.000000000000000000e+00,0.000000000000000000e+00,1.923548771354787086e-03,0.000000000000000000e+00,0.000000000000000000e+00,0.000000000000000000e+00,0.000000000000000000e+00,4.502782627107606715e-04,0.000000000000000000e+00,1.187940820413193971e-21,0.000000000000000000e+00,0.000000000000000000e+00,0.000000000000000000e+00,0.000000000000000000e+00,0.000000000000000000e+00,0.000000000000000000e+00,0.000000000000000000e+00,0.000000000000000000e+00,0.000000000000000000e+00,0.000000000000000000e+00,0.000000000000000000e+00,0.000000000000000000e+00,0.000000000000000000e+00,6.936487235390692910e-03,7.030609758125170444e-03,0.000000000000000000e+00,0.000000000000000000e+00,0.000000000000000000e+00,0.000000000000000000e+00,0.000000000000000000e+00,0.000000000000000000e+00,0.000000000000000000e+00,0.000000000000000000e+00,0.000000000000000000e+00,0.000000000000000000e+00,0.000000000000000000e+00,0.000000000000000000e+00,0.000000000000000000e+00,0.000000000000000000e+00,0.000000000000000000e+00,0.000000000000000000e+00,0.000000000000000000e+00,0.000000000000000000e+00,0.000000000000000000e+00,0.000000000000000000e+00,8.491368662013021665e-03,5.282960223213496037e-03,0.000000000000000000e+00,3.182053441383950014e-03,6.936487235390692910e-03,0.000000000000000000e+00,0.000000000000000000e+00,1.464049500905053391e-18,0.000000000000000000e+00,0.000000000000000000e+00,1.181051202056886053e-04,0.000000000000000000e+00,0.000000000000000000e+00,0.000000000000000000e+00,0.000000000000000000e+00,0.000000000000000000e+00,0.000000000000000000e+00,0.000000000000000000e+00,0.000000000000000000e+00,0.000000000000000000e+00,0.000000000000000000e+00,0.000000000000000000e+00,0.000000000000000000e+00,0.000000000000000000e+00,0.000000000000000000e+00,0.000000000000000000e+00,0.000000000000000000e+00,0.000000000000000000e+00,0.000000000000000000e+00,0.000000000000000000e+00,0.000000000000000000e+00
0.000000000000000000e+00,0.000000000000000000e+00,0.000000000000000000e+00,0.000000000000000000e+00,0.000000000000000000e+00,7.246305610540165990e-19,0.000000000000000000e+00,0.000000000000000000e+00,4.991675107406696055e-04,3.379027902712323887e-03,0.000000000000000000e+00,0.000000000000000000e+00,0.000000000000000000e+00,0.000000000000000000e+00,0.000000000000000000e+00,0.000000000000000000e+00,0.000000000000000000e+00,0.000000000000000000e+00,0.000000000000000000e+00,0.000000000000000000e+00,7.851278656242322799e-04,0.000000000000000000e+00,9.336017976473467067e-22,0.000000000000000000e+00,0.000000000000000000e+00,0.000000000000000000e+00,0.000000000000000000e+00,0.000000000000000000e+00,2.697522813763049074e-03,7.706416773599790839e-05,0.000000000000000000e+00,7.706416773599817944e-05,0.000000000000000000e+00,0.000000000000000000e+00,0.000000000000000000e+00,0.000000000000000000e+00,0.000000000000000000e+00,0.000000000000000000e+00,0.000000000000000000e+00,0.000000000000000000e+00,2.697522813763048206e-03,0.000000000000000000e+00,0.000000000000000000e+00,0.000000000000000000e+00,0.000000000000000000e+00,0.000000000000000000e+00,0.000000000000000000e+00,0.000000000000000000e+00,0.000000000000000000e+00,0.000000000000000000e+00,0.000000000000000000e+00,0.000000000000000000e+00,7.706416773599822009e-05,0.000000000000000000e+00,0.000000000000000000e+00,0.000000000000000000e+00,0.000000000000000000e+00,0.000000000000000000e+00,0.000000000000000000e+00,0.000000000000000000e+00,9.723841449575993182e-03,6.167531778067164485e-05,0.000000000000000000e+00,0.000000000000000000e+00,0.000000000000000000e+00,0.000000000000000000e+00,7.285789461377211669e-19,0.000000000000000000e+00,7.873812256736155771e-03,0.000000000000000000e+00,0.000000000000000000e+00,0.000000000000000000e+00,0.000000000000000000e+00,1.571455776048062296e-05,7.706416773599790839e-05,0.000000000000000000e+00,0.000000000000000000e+00,0.000000000000000000e+00,0.000000000000000000e+00,0.000000000000000000e+00,4.190668515939825062e-02,0.000000000000000000e+00,0.000000000000000000e+00,0.000000000000000000e+00,1.734465391055041206e-36,0.000000000000000000e+00,7.689595488136196985e-19,7.246305610540165990e-19,0.000000000000000000e+00,0.000000000000000000e+00,0.000000000000000000e+00,0.000000000000000000e+00,7.246305610540165990e-19,0.000000000000000000e+00,7.763898868435891032e-19,0.000000000000000000e+00,0.000000000000000000e+00,0.000000000000000000e+00,0.000000000000000000e+00,0.000000000000000000e+00,0.000000000000000000e+00,0.000000000000000000e+00,0.000000000000000000e+00,0.000000000000000000e+00,1.058732191428574804e-02,1.058732191428574804e-02,0.000000000000000000e+00,0.000000000000000000e+00,5.511572276265472043e-04,5.511572276265472043e-04,0.000000000000000000e+00,0.000000000000000000e+00,0.000000000000000000e+00,7.246305610540165990e-19,4.543110852714813864e-19,0.000000000000000000e+00,0.000000000000000000e+00,0.000000000000000000e+00,0.000000000000000000e+00,0.000000000000000000e+00,9.800214583130285612e-04,0.000000000000000000e+00,2.651110000047386499e-03,0.000000000000000000e+00,0.000000000000000000e+00,8.843008150527444100e-03,6.471677466318449465e-03,1.058732191428574804e-02,2.952712927568291405e-04,5.511572276265481801e-04,0.000000000000000000e+00,7.763898868435891032e-19,1.845078616151170565e-18,1.386592380326121277e-20,0.000000000000000000e+00,2.894927490113640484e-20,0.000000000000000000e+00,0.000000000000000000e+00,0.000000000000000000e+00,0.000000000000000000e+00,0.000000000000000000e+00,0.000000000000000000e+00,0.000000000000000000e+00,4.746054456149813128e-21,0.000000000000000000e+00,0.000000000000000000e+00,1.500347697246373624e-02,0.000000000000000000e+00,0.000000000000000000e+00,6.554382806447450575e-03,1.453524249194142488e-18,3.289982449453168908e-20,1.619636961687532650e-20,-9.274838433906116358e-37,0.000000000000000000e+00,7.246305610540165990e-19,7.246305610540165990e-19,7.246305610540165990e-19,0.000000000000000000e+00,0.000000000000000000e+00,0.000000000000000000e+00,0.000000000000000000e+00,0.000000000000000000e+00,0.000000000000000000e+00,3.312596850532647200e-18,0.000000000000000000e+00,0.000000000000000000e+00,3.162632588364402281e-02,1.293460207861651667e-01,8.240632889066651368e-02,0.000000000000000000e+00,7.246305610540165990e-19,0.000000000000000000e+00,3.189964892592960053e-36,0.000000000000000000e+00,0.000000000000000000e+00,1.221194744840153130e-19,0.000000000000000000e+00,0.000000000000000000e+00,0.000000000000000000e+00,0.000000000000000000e+00,0.000000000000000000e+00,0.000000000000000000e+00,0.000000000000000000e+00,0.000000000000000000e+00,0.000000000000000000e+00,1.293983144739315312e-20,1.656298425266323600e-18,1.267314447878952963e-02,1.218543125958012757e-01,9.922983160517460932e-02,0.000000000000000000e+00,0.000000000000000000e+00,0.000000000000000000e+00,0.000000000000000000e+00,0.000000000000000000e+00,3.123475401439998244e-20,0.000000000000000000e+00,1.058732191428574804e-02,0.000000000000000000e+00,0.000000000000000000e+00,0.000000000000000000e+00,0.000000000000000000e+00,0.000000000000000000e+00,0.000000000000000000e+00,5.171990078687027573e-21,0.000000000000000000e+00,0.000000000000000000e+00,1.724095690917940027e-04,8.319263487016057002e-02,1.002700468165548670e-01,2.555337142935759642e-02,0.000000000000000000e+00,0.000000000000000000e+00,0.000000000000000000e+00,0.000000000000000000e+00,7.246305610540165990e-19,6.041825026392725377e-19,1.396586052144101978e-03,0.000000000000000000e+00,0.000000000000000000e+00,0.000000000000000000e+00,0.000000000000000000e+00,0.000000000000000000e+00,0.000000000000000000e+00,0.000000000000000000e+00,5.171990078687027573e-21,0.000000000000000000e+00,0.000000000000000000e+00,0.000000000000000000e+00,3.341006919435954292e-02,0.000000000000000000e+00,5.392825396662750785e-03,1.085793820354037306e-02,7.707208039322988556e-03,0.000000000000000000e+00,0.000000000000000000e+00,0.000000000000000000e+00,0.000000000000000000e+00,0.000000000000000000e+00,0.000000000000000000e+00,0.000000000000000000e+00,0.000000000000000000e+00,0.000000000000000000e+00,0.000000000000000000e+00,0.000000000000000000e+00,0.000000000000000000e+00,0.000000000000000000e+00,0.000000000000000000e+00,0.000000000000000000e+00,2.400898345966430220e-20,0.000000000000000000e+00,0.000000000000000000e+00,2.586141517600410236e-02,1.076236023998853285e-02,0.000000000000000000e+00,0.000000000000000000e+00,0.000000000000000000e+00,0.000000000000000000e+00,9.278252483865412001e-03,0.000000000000000000e+00,0.000000000000000000e+00,0.000000000000000000e+00,0.000000000000000000e+00,0.000000000000000000e+00,0.000000000000000000e+00,0.000000000000000000e+00,0.000000000000000000e+00,0.000000000000000000e+00,0.000000000000000000e+00,0.000000000000000000e+00,0.000000000000000000e+00,0.000000000000000000e+00,0.000000000000000000e+00,0.000000000000000000e+00,7.696424301209679047e-03,0.000000000000000000e+00,0.000000000000000000e+00,0.000000000000000000e+00,0.000000000000000000e+00,0.000000000000000000e+00,0.000000000000000000e+00,0.000000000000000000e+00,0.000000000000000000e+00,0.000000000000000000e+00,0.000000000000000000e+00,0.000000000000000000e+00,0.000000000000000000e+00,0.000000000000000000e+00,0.000000000000000000e+00,0.000000000000000000e+00,0.000000000000000000e+00,1.035186515791452250e-19,0.000000000000000000e+00,0.000000000000000000e+00,0.000000000000000000e+00,7.707208039322988556e-03,4.529776067316756451e-03,1.479180145264247782e-19,0.000000000000000000e+00,0.000000000000000000e+00,0.000000000000000000e+00,0.000000000000000000e+00,0.000000000000000000e+00,0.000000000000000000e+00,0.000000000000000000e+00,0.000000000000000000e+00,0.000000000000000000e+00,0.000000000000000000e+00,0.000000000000000000e+00,8.281492126331618000e-19,0.000000000000000000e+00,0.000000000000000000e+00,0.000000000000000000e+00,0.000000000000000000e+00,0.000000000000000000e+00,0.000000000000000000e+00,0.000000000000000000e+00,0.000000000000000000e+00,9.306155620444799687e-03,0.000000000000000000e+00,0.000000000000000000e+00,0.000000000000000000e+00,0.000000000000000000e+00,0.000000000000000000e+00,0.000000000000000000e+00,7.480467444157506540e-04,0.000000000000000000e+00,0.000000000000000000e+00,0.000000000000000000e+00,0.000000000000000000e+00,2.101298559316884616e-03,0.000000000000000000e+00,5.543723828594909462e-21,0.000000000000000000e+00,0.000000000000000000e+00,0.000000000000000000e+00,0.000000000000000000e+00,0.000000000000000000e+00,0.000000000000000000e+00,0.000000000000000000e+00,0.000000000000000000e+00,0.000000000000000000e+00,0.000000000000000000e+00,0.000000000000000000e+00,0.000000000000000000e+00,0.000000000000000000e+00,2.697522813763048206e-03,3.136761253190610901e-03,0.000000000000000000e+00,0.000000000000000000e+00,0.000000000000000000e+00,0.000000000000000000e+00,0.000000000000000000e+00,0.000000000000000000e+00,0.000000000000000000e+00,0.000000000000000000e+00,0.000000000000000000e+00,0.000000000000000000e+00,0.000000000000000000e+00,0.000000000000000000e+00,0.000000000000000000e+00,0.000000000000000000e+00,0.000000000000000000e+00,0.000000000000000000e+00,0.000000000000000000e+00,0.000000000000000000e+00,0.000000000000000000e+00,0.000000000000000000e+00,9.953636138000590203e-03,2.054484531249694060e-03,0.000000000000000000e+00,1.237465227204870028e-03,2.697522813763048206e-03,0.000000000000000000e+00,0.000000000000000000e+00,5.693525836852987014e-19,0.000000000000000000e+00,0.000000000000000000e+00,5.511572276265472043e-04,0.000000000000000000e+00,0.000000000000000000e+00,0.000000000000000000e+00,0.000000000000000000e+00,0.000000000000000000e+00,0.000000000000000000e+00,0.000000000000000000e+00,0.000000000000000000e+00,0.000000000000000000e+00,0.000000000000000000e+00,0.000000000000000000e+00,0.000000000000000000e+00,0.000000000000000000e+00,0.000000000000000000e+00,0.000000000000000000e+00,0.000000000000000000e+00,0.000000000000000000e+00,0.000000000000000000e+00,0.000000000000000000e+00,0.000000000000000000e+00
0.000000000000000000e+00,0.000000000000000000e+00,0.000000000000000000e+00,1.099994760551564583e-05,2.136755112424871760e-07,2.136755112425155516e-07,2.136755112425913875e-07,2.136755112424861966e-07,6.063456528391990372e-04,4.035487821713763801e-03,0.000000000000000000e+00,0.000000000000000000e+00,0.000000000000000000e+00,0.000000000000000000e+00,0.000000000000000000e+00,0.000000000000000000e+00,0.000000000000000000e+00,0.000000000000000000e+00,0.000000000000000000e+00,0.000000000000000000e+00,0.000000000000000000e+00,2.188906526204003816e-05,1.133659325714635811e-21,8.572897493977353885e-21,2.136755112428162483e-07,2.136755112425846642e-07,2.136755112426999666e-07,2.136755112424914906e-07,2.136755112424861966e-07,9.379159347638286190e-05,2.136755112424861966e-07,9.357791796514071132e-05,0.000000000000000000e+00,0.000000000000000000e+00,0.000000000000000000e+00,0.000000000000000000e+00,0.000000000000000000e+00,0.000000000000000000e+00,0.000000000000000000e+00,0.000000000000000000e+00,2.266527057667948493e-03,0.000000000000000000e+00,2.717868255833944050e-23,0.000000000000000000e+00,0.000000000000000000e+00,2.136755112424861966e-07,2.136755112425415979e-07,2.136755112424870172e-07,0.000000000000000000e+00,1.995347008793821844e-07,0.000000000000000000e+00,0.000000000000000000e+00,9.357791796514075197e-05,0.000000000000000000e+00,0.000000000000000000e+00,0.000000000000000000e+00,0.000000000000000000e+00,0.000000000000000000e+00,0.000000000000000000e+00,0.000000000000000000e+00,1.176703779207057161e-02,7.489145730510110685e-05,1.661422123175262000e-04,0.000000000000000000e+00,0.000000000000000000e+00,0.000000000000000000e+00,4.794467601641441713e-21,0.000000000000000000e+00,9.561057740322478210e-03,1.208383784706575991e-23,5.123622924792468018e-24,0.000000000000000000e+00,0.000000000000000000e+00,1.908196299486933852e-05,9.357791796514037250e-05,0.000000000000000000e+00,0.000000000000000000e+00,0.000000000000000000e+00,0.000000000000000000e+00,0.000000000000000000e+00,5.089050547917123302e-02,3.217142224806040628e-03,0.000000000000000000e+00,2.530146051438886978e-20,2.106136546281122801e-36,3.441003389335379271e-22,0.000000000000000000e+00,9.135923120193822979e-20,0.000000000000000000e+00,2.265719596324829469e-23,0.000000000000000000e+00,3.585970190333959567e-26,0.000000000000000000e+00,0.000000000000000000e+00,0.000000000000000000e+00,0.000000000000000000e+00,0.000000000000000000e+00,0.000000000000000000e+00,0.000000000000000000e+00,0.000000000000000000e+00,0.000000000000000000e+00,0.000000000000000000e+00,0.000000000000000000e+00,2.855315524560243421e-04,0.000000000000000000e+00,0.000000000000000000e+00,2.474373165815926429e-20,0.000000000000000000e+00,6.692623478322363246e-04,6.692623478322363246e-04,0.000000000000000000e+00,0.000000000000000000e+00,0.000000000000000000e+00,0.000000000000000000e+00,1.117091914754317121e-19,2.018606718471233406e-21,0.000000000000000000e+00,0.000000000000000000e+00,0.000000000000000000e+00,0.000000000000000000e+00,1.060007068768130042e-02,9.171426238261415689e-03,1.027010193265781926e-02,0.000000000000000000e+00,0.000000000000000000e+00,1.073793846849761639e-02,0.000000000000000000e+00,4.937727681406634959e-21,3.585437126332917997e-04,6.692623478322365415e-04,0.000000000000000000e+00,0.000000000000000000e+00,2.249783979501402647e-18,1.683719318967433861e-20,3.585970190333959567e-26,3.515269095137993907e-20,0.000000000000000000e+00,0.000000000000000000e+00,0.000000000000000000e+00,0.000000000000000000e+00,0.000000000000000000e+00,0.000000000000000000e+00,0.000000000000000000e+00,5.763066125324776899e-21,0.000000000000000000e+00,1.126173243997458107e-02,2.017545972190629838e-02,0.000000000000000000e+00,0.000000000000000000e+00,7.958893407829049915e-03,1.764993731164317144e-18,3.994978688621707080e-20,1.966702024906290936e-20,6.368519619935830958e-23,0.000000000000000000e+00,0.000000000000000000e+00,0.000000000000000000e+00,0.000000000000000000e+00,0.000000000000000000e+00,0.000000000000000000e+00,4.078033806088607381e-05,2.295201946814491144e-03,9.562703491071112102e-22,0.000000000000000000e+00,8.134228653784800894e-05,0.000000000000000000e+00,1.360623990808091863e-02,4.497274618650082267e-02,1.100924763934624379e-01,1.059207478961994159e-01,2.122199257489078795e-24,0.000000000000000000e+00,0.000000000000000000e+00,3.873528798148596355e-36,0.000000000000000000e+00,0.000000000000000000e+00,1.482879333020186529e-19,0.000000000000000000e+00,0.000000000000000000e+00,0.000000000000000000e+00,3.333265458806210875e-04,0.000000000000000000e+00,0.000000000000000000e+00,1.074440455143568792e-21,0.000000000000000000e+00,5.026806303228698389e-23,0.000000000000000000e+00,0.000000000000000000e+00,3.825886627978254163e-03,1.117226802594036145e-01,1.037690311106372332e-01,1.015876082402243120e-02,0.000000000000000000e+00,0.000000000000000000e+00,2.136755112424861966e-07,5.312536261298080707e-08,3.792791558891428331e-20,0.000000000000000000e+00,0.000000000000000000e+00,0.000000000000000000e+00,0.000000000000000000e+00,3.784174698632659104e-06,0.000000000000000000e+00,0.000000000000000000e+00,0.000000000000000000e+00,6.280273666977109155e-21,0.000000000000000000e+00,1.250650454949587280e-19,2.093544767543214071e-04,6.033116471238676726e-02,8.926073751058413719e-02,1.809471964515824149e-02,1.731807058733663557e-02,3.604172953771379254e-04,0.000000000000000000e+00,0.000000000000000000e+00,0.000000000000000000e+00,0.000000000000000000e+00,1.724881181296199293e-04,0.000000000000000000e+00,0.000000000000000000e+00,4.200771408650494324e-06,0.000000000000000000e+00,0.000000000000000000e+00,0.000000000000000000e+00,0.000000000000000000e+00,7.975909041908605297e-21,0.000000000000000000e+00,1.825183947227965620e-20,0.000000000000000000e+00,0.000000000000000000e+00,0.000000000000000000e+00,9.586303840183739433e-03,1.363041385388545808e-02,9.358752619177920437e-03,8.569028118930168900e-05,0.000000000000000000e+00,3.860151743552764719e-22,1.190111837655406630e-05,0.000000000000000000e+00,0.000000000000000000e+00,0.000000000000000000e+00,3.115114551987972445e-06,0.000000000000000000e+00,0.000000000000000000e+00,1.690793068232331304e-21,0.000000000000000000e+00,9.041687514339957579e-25,4.344320136860628765e-21,0.000000000000000000e+00,1.058820884302401845e-24,0.000000000000000000e+00,0.000000000000000000e+00,3.140314699943357046e-02,1.306858029141465261e-02,0.000000000000000000e+00,0.000000000000000000e+00,0.000000000000000000e+00,0.000000000000000000e+00,9.000571932366271607e-03,0.000000000000000000e+00,0.000000000000000000e+00,0.000000000000000000e+00,0.000000000000000000e+00,8.919426985988078549e-23,0.000000000000000000e+00,0.000000000000000000e+00,5.364749670377362228e-24,0.000000000000000000e+00,0.000000000000000000e+00,0.000000000000000000e+00,0.000000000000000000e+00,0.000000000000000000e+00,0.000000000000000000e+00,0.000000000000000000e+00,9.660912860454654374e-03,0.000000000000000000e+00,0.000000000000000000e+00,0.000000000000000000e+00,1.267510826590631946e-04,0.000000000000000000e+00,0.000000000000000000e+00,0.000000000000000000e+00,5.020994054221351996e-04,0.000000000000000000e+00,0.000000000000000000e+00,0.000000000000000000e+00,0.000000000000000000e+00,0.000000000000000000e+00,0.000000000000000000e+00,0.000000000000000000e+00,0.000000000000000000e+00,8.162726383856669512e-23,8.937045973080409265e-26,0.000000000000000000e+00,3.006973055983136337e-04,9.358752619177920437e-03,5.500442367456064192e-03,1.796147319249444682e-19,1.266484438077727427e-04,0.000000000000000000e+00,0.000000000000000000e+00,0.000000000000000000e+00,0.000000000000000000e+00,0.000000000000000000e+00,0.000000000000000000e+00,0.000000000000000000e+00,0.000000000000000000e+00,0.000000000000000000e+00,0.000000000000000000e+00,0.000000000000000000e+00,0.000000000000000000e+00,0.000000000000000000e+00,1.801965567343434891e-22,0.000000000000000000e+00,0.000000000000000000e+00,0.000000000000000000e+00,0.000000000000000000e+00,5.776688873992560121e-23,1.130033182482583463e-02,0.000000000000000000e+00,0.000000000000000000e+00,0.000000000000000000e+00,0.000000000000000000e+00,0.000000000000000000e+00,0.000000000000000000e+00,1.676969375456160970e-40,0.000000000000000000e+00,0.000000000000000000e+00,0.000000000000000000e+00,0.000000000000000000e+00,2.551576822027647184e-03,7.757166034866291881e-20,6.731664649008107571e-21,0.000000000000000000e+00,0.000000000000000000e+00,4.396252789404134657e-22,0.000000000000000000e+00,0.000000000000000000e+00,3.848519577224132973e-03,0.000000000000000000e+00,0.000000000000000000e+00,0.000000000000000000e+00,0.000000000000000000e+00,0.000000000000000000e+00,0.000000000000000000e+00,0.000000000000000000e+00,0.000000000000000000e+00,5.333609621620406631e-04,0.000000000000000000e+00,3.309468424858595686e-20,1.520386044874494883e-20,0.000000000000000000e+00,1.772879904772481891e-24,0.000000000000000000e+00,2.979993006688705039e-20,0.000000000000000000e+00,0.000000000000000000e+00,0.000000000000000000e+00,0.000000000000000000e+00,0.000000000000000000e+00,0.000000000000000000e+00,0.000000000000000000e+00,0.000000000000000000e+00,0.000000000000000000e+00,0.000000000000000000e+00,0.000000000000000000e+00,0.000000000000000000e+00,0.000000000000000000e+00,8.810994750859878558e-03,0.000000000000000000e+00,2.455911691438923472e-05,0.000000000000000000e+00,2.935101175679542069e-23,0.000000000000000000e+00,1.649127121013192971e-03,4.049998818803784723e-04,0.000000000000000000e+00,1.536993830560416948e-20,6.692623478322363246e-04,0.000000000000000000e+00,0.000000000000000000e+00,0.000000000000000000e+00,0.000000000000000000e+00,0.000000000000000000e+00,0.000000000000000000e+00,0.000000000000000000e+00,0.000000000000000000e+00,0.000000000000000000e+00,0.000000000000000000e+00,0.000000000000000000e+00,0.000000000000000000e+00,0.000000000000000000e+00,0.000000000000000000e+00,0.000000000000000000e+00,0.000000000000000000e+00,0.000000000000000000e+00,0.000000000000000000e+00,0.000000000000000000e+00,0.000000000000000000e+00
0.000000000000000000e+00,0.000000000000000000e+00,0.000000000000000000e+00,4.124980352068369644e-05,8.012831671593274130e-07,8.012831671594338215e-07,8.012831671597182128e-07,8.012831671593238131e-07,2.147302163417336976e-04,1.425015687709227635e-03,0.000000000000000000e+00,0.000000000000000000e+00,0.000000000000000000e+00,0.000000000000000000e+00,0.000000000000000000e+00,0.000000000000000000e+00,0.000000000000000000e+00,0.000000000000000000e+00,0.000000000000000000e+00,0.000000000000000000e+00,0.000000000000000000e+00,8.208399473265019309e-05,4.001150561345780198e-22,3.214836560241509926e-20,8.012831671605614341e-07,8.012831671596930136e-07,8.012831671601254239e-07,8.012831671593436125e-07,8.012831671593238131e-07,3.382878362544421266e-05,8.012831671593238131e-07,3.302750045828499600e-05,0.000000000000000000e+00,0.000000000000000000e+00,0.000000000000000000e+00,0.000000000000000000e+00,0.000000000000000000e+00,0.000000000000000000e+00,0.000000000000000000e+00,0.000000000000000000e+00,8.499476466254811402e-03,0.000000000000000000e+00,1.019200595937729695e-22,0.000000000000000000e+00,0.000000000000000000e+00,8.012831671593238131e-07,8.012831671595315480e-07,8.012831671593267777e-07,0.000000000000000000e+00,7.482551282976837605e-07,0.000000000000000000e+00,0.000000000000000000e+00,3.302750045828502310e-05,0.000000000000000000e+00,0.000000000000000000e+00,0.000000000000000000e+00,0.000000000000000000e+00,0.000000000000000000e+00,0.000000000000000000e+00,0.000000000000000000e+00,1.514282734753623696e-02,2.643227904885924926e-05,6.230332961907236906e-04,0.000000000000000000e+00,0.000000000000000000e+00,0.000000000000000000e+00,1.692165035873452849e-21,0.000000000000000000e+00,3.374490967172644879e-03,4.531439192649663053e-23,1.921358596797176572e-23,0.000000000000000000e+00,0.000000000000000000e+00,6.734810468777424359e-06,3.302750045828488758e-05,0.000000000000000000e+00,0.000000000000000000e+00,0.000000000000000000e+00,0.000000000000000000e+00,0.000000000000000000e+00,1.797431926437425415e-02,1.206428334302266092e-02,0.000000000000000000e+00,9.488047692895832489e-20,7.433423104521621873e-37,1.290376271000767955e-21,0.000000000000000000e+00,3.425971170072685483e-19,0.000000000000000000e+00,8.496448486218115064e-23,0.000000000000000000e+00,1.344738821375235699e-25,0.000000000000000000e+00,0.000000000000000000e+00,0.000000000000000000e+00,0.000000000000000000e+00,0.000000000000000000e+00,0.000000000000000000e+00,0.000000000000000000e+00,0.000000000000000000e+00,0.000000000000000000e+00,0.000000000000000000e+00,0.000000000000000000e+00,1.070743321710092028e-03,0.000000000000000000e+00,0.000000000000000000e+00,9.278899371809730655e-20,0.000000000000000000e+00,2.362102404113779154e-04,2.362102404113779154e-04,0.000000000000000000e+00,0.000000000000000000e+00,0.000000000000000000e+00,0.000000000000000000e+00,3.942677346191714213e-20,7.569775194267130445e-21,0.000000000000000000e+00,0.000000000000000000e+00,0.000000000000000000e+00,0.000000000000000000e+00,3.570767656326365169e-02,3.439284839348033529e-02,2.757705349727136018e-02,0.000000000000000000e+00,0.000000000000000000e+00,3.789860635940341116e-03,0.000000000000000000e+00,1.851647880527489332e-20,1.265448397529266738e-04,2.362102404113780238e-04,0.000000000000000000e+00,0.000000000000000000e+00,8.257406315066778288e-19,5.942538772826245652e-21,1.344738821375235699e-25,1.240683210048705644e-20,0.000000000000000000e+00,0.000000000000000000e+00,0.000000000000000000e+00,0.000000000000000000e+00,0.000000000000000000e+00,0.000000000000000000e+00,0.000000000000000000e+00,2.034023338349923781e-21,0.000000000000000000e+00,4.223149664990470675e-02,1.376863144573567573e-02,0.000000000000000000e+00,0.000000000000000000e+00,2.809021202763198680e-03,6.229389639403481563e-19,1.409992478337075742e-20,6.941301264375156693e-21,2.388194857475976459e-22,0.000000000000000000e+00,0.000000000000000000e+00,0.000000000000000000e+00,0.000000000000000000e+00,0.000000000000000000e+00,0.000000000000000000e+00,1.529262677283228615e-04,8.607007300554346887e-03,3.586013809151669154e-21,0.000000000000000000e+00,3.050335745169302504e-04,0.000000000000000000e+00,5.102339965530348215e-02,3.818920392934645192e-02,6.118825704837413393e-02,5.727669793674830534e-02,7.958247215584051268e-24,0.000000000000000000e+00,0.000000000000000000e+00,1.367127811111271267e-36,0.000000000000000000e+00,0.000000000000000000e+00,5.233691763600665558e-20,0.000000000000000000e+00,0.000000000000000000e+00,0.000000000000000000e+00,1.249974547052329918e-03,0.000000000000000000e+00,0.000000000000000000e+00,4.029151706788385743e-21,0.000000000000000000e+00,1.885052363710763116e-22,0.000000000000000000e+00,0.000000000000000000e+00,1.350312927521738881e-03,6.730152154565355316e-02,1.180319147129370166e-01,3.809535309008414000e-02,0.000000000000000000e+00,0.000000000000000000e+00,8.012831671593238131e-07,1.992201097986781705e-07,1.338632314902859572e-20,0.000000000000000000e+00,0.000000000000000000e+00,0.000000000000000000e+00,0.000000000000000000e+00,1.419065511987248022e-05,0.000000000000000000e+00,0.000000000000000000e+00,0.000000000000000000e+00,2.216567176580159403e-21,0.000000000000000000e+00,4.689939206060955912e-19,7.388981532505472746e-05,2.129335225143066251e-02,5.933492596579430234e-02,6.785519866934346112e-02,6.494276470251243716e-02,1.351564857664268142e-03,0.000000000000000000e+00,0.000000000000000000e+00,0.000000000000000000e+00,0.000000000000000000e+00,6.468304429860751619e-04,0.000000000000000000e+00,0.000000000000000000e+00,1.575289278243936430e-05,0.000000000000000000e+00,0.000000000000000000e+00,0.000000000000000000e+00,0.000000000000000000e+00,8.575199832573274638e-21,0.000000000000000000e+00,6.844439802104876491e-20,0.000000000000000000e+00,0.000000000000000000e+00,0.000000000000000000e+00,1.370323463945517795e-02,6.325056862466406360e-03,3.303089159709858558e-03,3.213385544598815506e-04,0.000000000000000000e+00,1.447556903832287710e-21,4.462919391207778336e-05,0.000000000000000000e+00,0.000000000000000000e+00,0.000000000000000000e+00,1.168167956995490535e-05,0.000000000000000000e+00,0.000000000000000000e+00,6.340474005871246574e-21,0.000000000000000000e+00,3.390632817877486847e-24,1.629120051322736859e-20,0.000000000000000000e+00,3.970578316134009443e-24,0.000000000000000000e+00,0.000000000000000000e+00,1.108346364685892579e-02,4.612440102852236046e-03,0.000000000000000000e+00,0.000000000000000000e+00,0.000000000000000000e+00,0.000000000000000000e+00,2.727301263421497840e-02,0.000000000000000000e+00,0.000000000000000000e+00,0.000000000000000000e+00,0.000000000000000000e+00,3.344785119745531366e-22,0.000000000000000000e+00,0.000000000000000000e+00,2.011781126391512103e-23,0.000000000000000000e+00,0.000000000000000000e+00,0.000000000000000000e+00,0.000000000000000000e+00,0.000000000000000000e+00,0.000000000000000000e+00,0.000000000000000000e+00,4.480672984215013956e-03,0.000000000000000000e+00,0.000000000000000000e+00,0.000000000000000000e+00,4.753165599714873524e-04,0.000000000000000000e+00,0.000000000000000000e+00,0.000000000000000000e+00,1.882872770333008381e-03,0.000000000000000000e+00,0.000000000000000000e+00,0.000000000000000000e+00,0.000000000000000000e+00,0.000000000000000000e+00,0.000000000000000000e+00,0.000000000000000000e+00,0.000000000000000000e+00,3.061022393946253036e-22,3.351392239905155742e-25,0.000000000000000000e+00,1.127614895993676912e-03,3.303089159709858558e-03,1.941332600278613749e-03,6.339343479703933168e-20,4.749316642791481238e-04,0.000000000000000000e+00,0.000000000000000000e+00,0.000000000000000000e+00,0.000000000000000000e+00,0.000000000000000000e+00,0.000000000000000000e+00,0.000000000000000000e+00,0.000000000000000000e+00,0.000000000000000000e+00,0.000000000000000000e+00,0.000000000000000000e+00,0.000000000000000000e+00,0.000000000000000000e+00,6.757370877537885131e-22,0.000000000000000000e+00,0.000000000000000000e+00,0.000000000000000000e+00,0.000000000000000000e+00,2.166258327747211515e-22,3.988352408762066426e-03,0.000000000000000000e+00,0.000000000000000000e+00,0.000000000000000000e+00,0.000000000000000000e+00,0.000000000000000000e+00,0.000000000000000000e+00,6.288635157960607920e-40,0.000000000000000000e+00,0.000000000000000000e+00,0.000000000000000000e+00,0.000000000000000000e+00,9.005565254215238367e-04,2.908937263074861442e-19,2.375881640826394713e-21,0.000000000000000000e+00,0.000000000000000000e+00,1.648594796026551695e-21,0.000000000000000000e+00,0.000000000000000000e+00,1.443194841459050776e-02,0.000000000000000000e+00,0.000000000000000000e+00,0.000000000000000000e+00,0.000000000000000000e+00,0.000000000000000000e+00,0.000000000000000000e+00,0.000000000000000000e+00,0.000000000000000000e+00,1.882450454689558279e-04,0.000000000000000000e+00,1.241050659321974059e-19,5.701447668279359725e-20,0.000000000000000000e+00,6.648299642896811592e-24,0.000000000000000000e+00,1.117497377508264961e-19,0.000000000000000000e+00,0.000000000000000000e+00,0.000000000000000000e+00,0.000000000000000000e+00,0.000000000000000000e+00,0.000000000000000000e+00,0.000000000000000000e+00,0.000000000000000000e+00,0.000000000000000000e+00,0.000000000000000000e+00,0.000000000000000000e+00,0.000000000000000000e+00,0.000000000000000000e+00,3.109762853244667918e-03,0.000000000000000000e+00,9.209668842895967931e-05,0.000000000000000000e+00,1.100662940879605505e-22,0.000000000000000000e+00,6.184226703799477164e-03,1.518749557051420193e-03,0.000000000000000000e+00,5.763726864601567842e-20,2.362102404113779154e-04,0.000000000000000000e+00,0.000000000000000000e+00,0.000000000000000000e+00,0.000000000000000000e+00,0.000000000000000000e+00,0.000000000000000000e+00,0.000000000000000000e+00,0.000000000000000000e+00,0.000000000000000000e+00,0.000000000000000000e+00,0.000000000000000000e+00,0.000000000000000000e+00,0.000000000000000000e+00,0.000000000000000000e+00,0.000000000000000000e+00,0.000000000000000000e+00,0.000000000000000000e+00,0.000000000000000000e+00,0.000000000000000000e+00,0.000000000000000000e+00
1.342462893349357809e-03,0.000000000000000000e+00,0.000000000000000000e+00,4.399979042206267143e-05,8.547020449699609861e-07,8.547020449700768178e-07,8.547020449703688324e-07,8.547020449699465865e-07,8.547020449711979718e-07,8.547020449699465865e-07,0.000000000000000000e+00,0.000000000000000000e+00,0.000000000000000000e+00,0.000000000000000000e+00,0.000000000000000000e+00,0.000000000000000000e+00,0.000000000000000000e+00,0.000000000000000000e+00,0.000000000000000000e+00,0.000000000000000000e+00,0.000000000000000000e+00,8.755626104816034239e-05,0.000000000000000000e+00,3.429158997590948776e-20,8.547020449712684873e-07,8.547020449703404568e-07,8.547020449708306771e-07,8.547020449699677623e-07,8.547020449699530451e-07,8.547020449699465865e-07,8.547020449699465865e-07,0.000000000000000000e+00,0.000000000000000000e+00,0.000000000000000000e+00,0.000000000000000000e+00,0.000000000000000000e+00,0.000000000000000000e+00,0.000000000000000000e+00,0.000000000000000000e+00,0.000000000000000000e+00,2.087002375878454705e-02,0.000000000000000000e+00,1.087147302333579971e-22,2.396828979162282193e-22,0.000000000000000000e+00,8.547020449699805737e-07,8.547020449701682974e-07,8.547020449699603508e-07,6.385482333028925230e-21,7.981388035175308551e-07,0.000000000000000000e+00,0.000000000000000000e+00,1.679361513470712909e-19,0.000000000000000000e+00,0.000000000000000000e+00,0.000000000000000000e+00,0.000000000000000000e+00,0.000000000000000000e+00,0.000000000000000000e+00,0.000000000000000000e+00,2.542473814481663666e-02,1.020137552656177069e-03,6.645688492701062097e-04,0.000000000000000000e+00,5.103497059277125856e-21,1.632196823444554601e-21,1.885993090530231864e-21,1.276673143867198633e-20,3.280185562044853356e-19,1.278952648437077317e-20,2.049449169916991615e-23,0.000000000000000000e+00,0.000000000000000000e+00,0.000000000000000000e+00,4.235283537209616930e-24,0.000000000000000000e+00,0.000000000000000000e+00,0.000000000000000000e+00,0.000000000000000000e+00,0.000000000000000000e+00,1.526542817900514428e-05,1.286856889922419027e-02,5.080968364451083612e-37,1.016498047305075957e-19,0.000000000000000000e+00,3.008598179178709318e-21,0.000000000000000000e+00,4.093425874389147406e-19,0.000000000000000000e+00,4.508063154706449042e-20,2.889770642426367761e-20,1.434388076133586811e-25,0.000000000000000000e+00,0.000000000000000000e+00,0.000000000000000000e+00,0.000000000000000000e+00,0.000000000000000000e+00,0.000000000000000000e+00,0.000000000000000000e+00,0.000000000000000000e+00,0.000000000000000000e+00,7.733589595815954971e-37,3.967427616718300493e-03,6.514126583370949061e-03,0.000000000000000000e+00,0.000000000000000000e+00,1.040784236919143922e-19,1.890334747872066726e-19,1.328815378044904266e-20,6.253987654744857236e-21,0.000000000000000000e+00,0.000000000000000000e+00,0.000000000000000000e+00,0.000000000000000000e+00,0.000000000000000000e+00,8.074426873884950175e-21,0.000000000000000000e+00,0.000000000000000000e+00,0.000000000000000000e+00,0.000000000000000000e+00,3.764017852463343028e-02,3.668570495304574602e-02,2.820358773040115841e-02,0.000000000000000000e+00,0.000000000000000000e+00,0.000000000000000000e+00,0.000000000000000000e+00,1.975091072562658498e-20,0.000000000000000000e+00,3.027387453123400049e-21,0.000000000000000000e+00,0.000000000000000000e+00,3.732549669991971631e-20,0.000000000000000000e+00,1.643083309201416263e-19,3.279776445388877540e-19,0.000000000000000000e+00,0.000000000000000000e+00,0.000000000000000000e+00,0.000000000000000000e+00,0.000000000000000000e+00,0.000000000000000000e+00,8.584943745396950898e-37,1.746834563913647729e-21,5.372000373546849741e-03,4.504692975989842141e-02,7.827807878515580589e-03,1.300259298935480153e-02,5.120242475016664567e-03,5.080968364451083612e-37,1.241758178685962309e-19,2.258283068005153453e-21,0.000000000000000000e+00,2.547407847974382694e-22,1.052601772709866648e-19,0.000000000000000000e+00,0.000000000000000000e+00,0.000000000000000000e+00,0.000000000000000000e+00,0.000000000000000000e+00,2.529203826357326584e-03,9.180807787257983660e-03,3.825081396428453116e-21,0.000000000000000000e+00,3.253691461513927947e-04,4.886782560751647478e-03,5.979696000587064048e-02,2.627740188258942747e-02,4.756786733460903471e-02,2.923632987717150744e-02,8.488797029956334283e-24,0.000000000000000000e+00,0.000000000000000000e+00,0.000000000000000000e+00,0.000000000000000000e+00,0.000000000000000000e+00,1.683912067598987433e-19,0.000000000000000000e+00,0.000000000000000000e+00,0.000000000000000000e+00,7.056898666753529809e-03,0.000000000000000000e+00,0.000000000000000000e+00,4.297761820574284195e-21,1.043226263410834006e-20,2.010722521291483587e-22,0.000000000000000000e+00,0.000000000000000000e+00,1.381707802642974728e-02,5.823967818761351112e-02,1.122245265384322482e-01,5.307309904621705654e-02,0.000000000000000000e+00,0.000000000000000000e+00,8.547020449699649036e-07,2.125014504519237312e-07,0.000000000000000000e+00,0.000000000000000000e+00,1.342462893349357809e-03,0.000000000000000000e+00,0.000000000000000000e+00,1.513669879453066861e-05,0.000000000000000000e+00,0.000000000000000000e+00,0.000000000000000000e+00,0.000000000000000000e+00,4.439626729518943633e-22,5.002601819798359713e-19,1.942412337666133585e-20,2.962770782402220256e-03,3.849445422210537315e-02,8.347447143741101860e-02,7.012740579615991954e-02,1.441669181508554737e-03,0.000000000000000000e+00,0.000000000000000000e+00,0.000000000000000000e+00,1.342462893349357809e-03,2.032415365867838719e-03,0.000000000000000000e+00,0.000000000000000000e+00,1.680308563460201457e-05,0.000000000000000000e+00,4.439626729518943633e-22,0.000000000000000000e+00,1.383815259557387435e-21,6.782541499725999615e-21,0.000000000000000000e+00,7.300735788911878128e-20,0.000000000000000000e+00,0.000000000000000000e+00,3.722426429047829684e-20,1.215149200551589662e-02,5.934659088395877538e-03,0.000000000000000000e+00,3.427611247572075691e-04,0.000000000000000000e+00,6.821628831618066447e-04,1.390067366855574169e-03,0.000000000000000000e+00,0.000000000000000000e+00,0.000000000000000000e+00,1.246045820795191688e-05,5.080968364451083612e-37,0.000000000000000000e+00,6.763172272929339509e-21,0.000000000000000000e+00,8.848336881189785604e-21,2.604659247472165686e-20,1.745499045760893783e-21,4.235283537209616930e-24,1.414766906305937228e-20,4.439626729518943633e-22,2.773519250083388604e-21,1.020137552656177069e-03,4.247708294234915725e-04,2.538327601179980486e-19,1.502811271267929607e-20,0.000000000000000000e+00,3.498806633994573645e-02,0.000000000000000000e+00,0.000000000000000000e+00,0.000000000000000000e+00,0.000000000000000000e+00,1.479069934248576920e-20,1.727639866078150759e-19,0.000000000000000000e+00,2.145899868150949887e-23,0.000000000000000000e+00,0.000000000000000000e+00,2.889770642426367761e-20,4.250313229059335966e-20,0.000000000000000000e+00,0.000000000000000000e+00,1.274119113298251504e-20,1.261019121657298110e-03,0.000000000000000000e+00,4.601919256113437883e-20,0.000000000000000000e+00,5.070043306362539710e-04,0.000000000000000000e+00,0.000000000000000000e+00,0.000000000000000000e+00,2.008397621688545135e-03,1.350076186736567741e-19,0.000000000000000000e+00,0.000000000000000000e+00,8.300214591237850583e-19,1.383815259557387435e-21,0.000000000000000000e+00,4.439626729518943633e-22,1.745499045760893783e-21,3.265090553542674858e-22,3.588489721692157452e-21,0.000000000000000000e+00,1.202789222393257137e-03,1.038621082718082884e-36,0.000000000000000000e+00,0.000000000000000000e+00,1.600093766182269020e-03,0.000000000000000000e+00,0.000000000000000000e+00,0.000000000000000000e+00,0.000000000000000000e+00,0.000000000000000000e+00,0.000000000000000000e+00,0.000000000000000000e+00,0.000000000000000000e+00,0.000000000000000000e+00,1.043226263410850557e-20,1.693804172324529262e-36,0.000000000000000000e+00,0.000000000000000000e+00,7.207862269373755550e-22,0.000000000000000000e+00,0.000000000000000000e+00,9.584133191916059539e-04,1.020137552656177069e-03,2.310675549597029221e-22,1.296396742186014389e-02,0.000000000000000000e+00,0.000000000000000000e+00,0.000000000000000000e+00,0.000000000000000000e+00,0.000000000000000000e+00,0.000000000000000000e+00,6.707877501824658562e-40,0.000000000000000000e+00,0.000000000000000000e+00,0.000000000000000000e+00,0.000000000000000000e+00,1.174040470271556103e-22,3.157314602335728667e-19,1.043226263410834006e-20,5.572275085608624754e-20,0.000000000000000000e+00,1.758501115761658000e-21,0.000000000000000000e+00,0.000000000000000000e+00,1.539407830889656312e-02,0.000000000000000000e+00,0.000000000000000000e+00,0.000000000000000000e+00,0.000000000000000000e+00,0.000000000000000000e+00,0.000000000000000000e+00,0.000000000000000000e+00,0.000000000000000000e+00,0.000000000000000000e+00,1.380826114893133638e-19,1.323787369943441163e-19,6.816549049162795622e-20,0.000000000000000000e+00,3.752786568676234249e-20,1.651902442740512650e-35,1.191997202675484423e-19,3.588132239853234547e-21,0.000000000000000000e+00,0.000000000000000000e+00,2.396828979162283134e-22,0.000000000000000000e+00,0.000000000000000000e+00,0.000000000000000000e+00,0.000000000000000000e+00,0.000000000000000000e+00,0.000000000000000000e+00,0.000000000000000000e+00,0.000000000000000000e+00,0.000000000000000000e+00,0.000000000000000000e+00,0.000000000000000000e+00,9.823646765755712860e-05,5.080968364451083612e-37,2.077725759366030785e-21,1.012241485556419260e-35,8.662072237217575271e-03,1.619999527521517359e-03,0.000000000000000000e+00,9.252787286989783014e-04,2.746554509821309582e-36,0.000000000000000000e+00,0.000000000000000000e+00,0.000000000000000000e+00,0.000000000000000000e+00,0.000000000000000000e+00,0.000000000000000000e+00,0.000000000000000000e+00,0.000000000000000000e+00,0.000000000000000000e+00,0.000000000000000000e+00,0.000000000000000000e+00,0.000000000000000000e+00,0.000000000000000000e+00,0.000000000000000000e+00,0.000000000000000000e+00,0.000000000000000000e+00,0.000000000000000000e+00,0.000000000000000000e+00,0.000000000000000000e+00,0.000000000000000000e+00
4.295881258717952969e-03,0.000000000000000000e+00,0.000000000000000000e+00,1.374993450689459710e-05,2.670943890531431955e-07,2.670943890531859706e-07,2.670943890532443100e-07,2.670943890531084671e-07,2.670943890534995846e-07,2.670943890531084671e-07,0.000000000000000000e+00,0.000000000000000000e+00,0.000000000000000000e+00,0.000000000000000000e+00,0.000000000000000000e+00,0.000000000000000000e+00,0.000000000000000000e+00,0.000000000000000000e+00,0.000000000000000000e+00,0.000000000000000000e+00,0.000000000000000000e+00,2.736133157755012309e-05,0.000000000000000000e+00,1.071612186747171982e-20,2.670943890535262661e-07,2.670943890532316045e-07,2.670943890534681385e-07,2.670943890531151375e-07,2.670943890531290077e-07,2.670943890531084671e-07,2.670943890531084671e-07,0.000000000000000000e+00,0.000000000000000000e+00,0.000000000000000000e+00,0.000000000000000000e+00,0.000000000000000000e+00,0.000000000000000000e+00,0.000000000000000000e+00,0.000000000000000000e+00,0.000000000000000000e+00,4.060568851204576779e-02,0.000000000000000000e+00,3.397335319792440936e-23,7.669852733319318253e-22,0.000000000000000000e+00,2.670943890532170991e-07,2.670943890531778179e-07,2.670943890531428778e-07,2.043354346569260106e-20,2.494183760992293319e-07,0.000000000000000000e+00,0.000000000000000000e+00,5.373908342717664265e-19,0.000000000000000000e+00,0.000000000000000000e+00,0.000000000000000000e+00,0.000000000000000000e+00,0.000000000000000000e+00,0.000000000000000000e+00,0.000000000000000000e+00,4.399399443227476614e-02,3.264440168499772692e-03,2.076777653969083667e-04,0.000000000000000000e+00,1.633119058968683644e-20,5.223029835022585405e-21,6.035177889696754452e-21,4.085354060375043449e-20,1.417213412767073460e-19,4.078691642285294322e-20,6.404528655990602288e-24,0.000000000000000000e+00,0.000000000000000000e+00,0.000000000000000000e+00,1.323526105378006576e-24,0.000000000000000000e+00,0.000000000000000000e+00,0.000000000000000000e+00,0.000000000000000000e+00,0.000000000000000000e+00,4.770446305939112034e-06,4.021427781007563471e-03,1.625909876624349830e-36,3.304750619643224098e-20,0.000000000000000000e+00,5.653155258689508496e-21,0.000000000000000000e+00,2.546971594221388068e-19,0.000000000000000000e+00,1.439963303372311314e-19,9.247266055764394649e-20,4.482462737917461512e-26,0.000000000000000000e+00,0.000000000000000000e+00,0.000000000000000000e+00,0.000000000000000000e+00,0.000000000000000000e+00,0.000000000000000000e+00,0.000000000000000000e+00,0.000000000000000000e+00,0.000000000000000000e+00,2.474748670661110535e-36,1.269576837349858586e-02,1.754731563591998417e-02,0.000000000000000000e+00,0.000000000000000000e+00,4.726085516238601085e-20,6.049071193190625273e-19,1.888889581505306609e-20,2.001234631562660078e-20,0.000000000000000000e+00,0.000000000000000000e+00,0.000000000000000000e+00,0.000000000000000000e+00,0.000000000000000000e+00,2.523258398089048999e-21,0.000000000000000000e+00,0.000000000000000000e+00,0.000000000000000000e+00,0.000000000000000000e+00,1.176255578894795650e-02,1.146428279782680387e-02,8.813621165750368941e-03,0.000000000000000000e+00,0.000000000000000000e+00,0.000000000000000000e+00,0.000000000000000000e+00,6.172159601758313824e-21,0.000000000000000000e+00,9.687639849994900018e-21,0.000000000000000000e+00,0.000000000000000000e+00,1.166421771872491624e-20,0.000000000000000000e+00,5.257862447648971633e-19,1.049528462524442816e-18,0.000000000000000000e+00,0.000000000000000000e+00,0.000000000000000000e+00,0.000000000000000000e+00,0.000000000000000000e+00,0.000000000000000000e+00,2.747181998527029566e-36,5.589870604523684317e-21,1.719040119534995248e-02,1.407716554996826797e-02,2.446189962036120560e-03,4.160829756593544676e-02,1.638477592005335715e-02,1.625909876624349830e-36,3.973626171795086805e-19,7.226505817616505194e-21,0.000000000000000000e+00,7.960649524919954443e-23,3.368325672671579532e-19,0.000000000000000000e+00,0.000000000000000000e+00,0.000000000000000000e+00,0.000000000000000000e+00,0.000000000000000000e+00,7.622439339740225486e-03,2.869002433518123146e-03,1.195337936383892727e-21,0.000000000000000000e+00,1.016778581723103364e-04,1.563770419440530315e-02,3.419820108045115020e-02,8.211688088309201938e-03,7.628807317843203095e-02,2.592038009744400406e-02,2.652749071861356300e-24,0.000000000000000000e+00,0.000000000000000000e+00,0.000000000000000000e+00,0.000000000000000000e+00,0.000000000000000000e+00,5.388518616316770763e-19,0.000000000000000000e+00,0.000000000000000000e+00,0.000000000000000000e+00,1.873215412869014967e-02,0.000000000000000000e+00,0.000000000000000000e+00,1.343050568929464422e-21,3.338324042914675198e-20,6.283507879035891941e-23,0.000000000000000000e+00,0.000000000000000000e+00,4.421464968457527317e-02,9.160901325642571702e-02,8.233281223176187880e-02,5.250022943043534951e-02,0.000000000000000000e+00,0.000000000000000000e+00,2.670943890531670183e-07,6.640670326622621564e-08,0.000000000000000000e+00,0.000000000000000000e+00,4.295881258717952969e-03,0.000000000000000000e+00,0.000000000000000000e+00,4.730218373290835210e-06,0.000000000000000000e+00,0.000000000000000000e+00,0.000000000000000000e+00,0.000000000000000000e+00,1.420680553446064596e-21,1.563313068686989156e-19,6.215719480531639509e-20,9.480866503687124247e-03,2.855639023973759877e-02,5.812429669813719973e-02,2.438398326397317462e-02,4.505216192214236536e-04,0.000000000000000000e+00,0.000000000000000000e+00,0.000000000000000000e+00,4.295881258717952969e-03,4.511491406379979432e-03,0.000000000000000000e+00,0.000000000000000000e+00,5.250964260813132729e-06,0.000000000000000000e+00,1.420680553446064596e-21,0.000000000000000000e+00,4.428208830583648368e-21,2.119544218664376008e-21,0.000000000000000000e+00,2.281479934034963645e-20,0.000000000000000000e+00,0.000000000000000000e+00,1.191176457295307666e-19,3.797341251723719210e-03,1.384221237514362060e-02,0.000000000000000000e+00,1.071128514866275449e-04,0.000000000000000000e+00,2.182921226117785513e-03,4.310757656688646300e-03,0.000000000000000000e+00,0.000000000000000000e+00,0.000000000000000000e+00,3.893893189984976355e-06,1.625909876624349830e-36,0.000000000000000000e+00,2.113491335290420289e-21,0.000000000000000000e+00,2.830423487072830480e-20,3.317219833836899514e-20,5.585596946434871241e-21,1.323526105378006576e-24,4.527254100179007437e-20,1.420680553446064596e-21,8.875261600266860384e-21,3.264440168499772692e-03,1.359266654155175807e-03,8.122648323775954117e-19,4.808996068057383529e-20,0.000000000000000000e+00,3.003425565033488245e-02,0.000000000000000000e+00,0.000000000000000000e+00,0.000000000000000000e+00,0.000000000000000000e+00,4.630004407907292720e-20,5.528447571450093021e-19,0.000000000000000000e+00,6.705937087971724642e-24,0.000000000000000000e+00,0.000000000000000000e+00,9.247266055764394649e-20,1.360100233298990109e-19,0.000000000000000000e+00,0.000000000000000000e+00,4.077181162554412638e-20,3.940684755179058897e-04,0.000000000000000000e+00,1.472614161956303012e-19,0.000000000000000000e+00,1.584388533238294608e-04,0.000000000000000000e+00,0.000000000000000000e+00,0.000000000000000000e+00,6.276242567776705444e-04,4.320243797557025052e-19,0.000000000000000000e+00,0.000000000000000000e+00,2.656068669196117656e-18,4.428208830583648368e-21,0.000000000000000000e+00,1.420680553446064596e-21,5.585596946434871241e-21,1.020340797982087010e-22,1.148213488060503727e-20,0.000000000000000000e+00,3.758716319978933160e-04,3.323587464697871909e-36,0.000000000000000000e+00,0.000000000000000000e+00,3.657510525803489392e-03,0.000000000000000000e+00,0.000000000000000000e+00,0.000000000000000000e+00,0.000000000000000000e+00,0.000000000000000000e+00,0.000000000000000000e+00,0.000000000000000000e+00,0.000000000000000000e+00,0.000000000000000000e+00,3.338324042914728763e-20,5.420173351438504731e-36,0.000000000000000000e+00,0.000000000000000000e+00,2.252456959179300373e-22,0.000000000000000000e+00,0.000000000000000000e+00,3.066922621413145037e-03,3.264440168499772692e-03,7.220861092490720723e-23,4.148469574995254650e-02,0.000000000000000000e+00,0.000000000000000000e+00,0.000000000000000000e+00,0.000000000000000000e+00,0.000000000000000000e+00,0.000000000000000000e+00,2.096211719320206718e-40,0.000000000000000000e+00,0.000000000000000000e+00,0.000000000000000000e+00,0.000000000000000000e+00,3.668876469598616055e-23,1.143879957203745822e-19,3.338324042914675198e-20,1.783128027394763340e-19,0.000000000000000000e+00,5.495315986755187364e-22,0.000000000000000000e+00,0.000000000000000000e+00,4.810649471530179661e-03,0.000000000000000000e+00,0.000000000000000000e+00,0.000000000000000000e+00,0.000000000000000000e+00,0.000000000000000000e+00,0.000000000000000000e+00,0.000000000000000000e+00,0.000000000000000000e+00,0.000000000000000000e+00,4.418643567658036308e-19,4.136835531073256494e-20,4.252498139020496564e-20,0.000000000000000000e+00,1.200686934347396081e-19,5.286087816769650959e-35,3.724991258360891229e-20,1.148202316753037372e-20,0.000000000000000000e+00,0.000000000000000000e+00,7.669852733319321075e-22,0.000000000000000000e+00,0.000000000000000000e+00,0.000000000000000000e+00,0.000000000000000000e+00,0.000000000000000000e+00,0.000000000000000000e+00,0.000000000000000000e+00,0.000000000000000000e+00,0.000000000000000000e+00,0.000000000000000000e+00,0.000000000000000000e+00,3.069889614298663657e-05,1.625909876624349830e-36,6.309718244180399614e-21,3.239172753780548367e-35,8.671212911393839928e-03,5.062498523504745541e-04,0.000000000000000000e+00,2.960891931836736029e-03,8.788974431428208035e-36,0.000000000000000000e+00,0.000000000000000000e+00,0.000000000000000000e+00,0.000000000000000000e+00,0.000000000000000000e+00,0.000000000000000000e+00,0.000000000000000000e+00,0.000000000000000000e+00,0.000000000000000000e+00,0.000000000000000000e+00,0.000000000000000000e+00,0.000000000000000000e+00,0.000000000000000000e+00,0.000000000000000000e+00,0.000000000000000000e+00,0.000000000000000000e+00,0.000000000000000000e+00,0.000000000000000000e+00,0.000000000000000000e+00,0.000000000000000000e+00
4.027388680048083619e-03,3.972952108971180273e-19,0.000000000000000000e+00,0.000000000000000000e+00,3.129678790232511647e-20,3.830019431601605528e-20,6.681208453784776360e-03,0.000000000000000000e+00,0.000000000000000000e+00,0.000000000000000000e+00,0.000000000000000000e+00,0.000000000000000000e+00,0.000000000000000000e+00,0.000000000000000000e+00,0.000000000000000000e+00,0.000000000000000000e+00,0.000000000000000000e+00,0.000000000000000000e+00,0.000000000000000000e+00,0.000000000000000000e+00,0.000000000000000000e+00,0.000000000000000000e+00,2.747938964637417370e-03,6.492085326681435245e-03,4.896590470333676215e-21,0.000000000000000000e+00,6.740998285122147028e-03,0.000000000000000000e+00,1.915644699908682309e-20,0.000000000000000000e+00,0.000000000000000000e+00,6.740998285122147028e-03,0.000000000000000000e+00,0.000000000000000000e+00,0.000000000000000000e+00,0.000000000000000000e+00,0.000000000000000000e+00,0.000000000000000000e+00,0.000000000000000000e+00,0.000000000000000000e+00,3.815968554897571086e-02,1.248698457210173276e-03,0.000000000000000000e+00,7.190486937486865388e-22,0.000000000000000000e+00,1.017962574443031150e-19,1.871958972948680703e-20,3.127286037694297847e-20,1.915644699908682309e-20,7.190486937486865388e-22,0.000000000000000000e+00,0.000000000000000000e+00,5.038034150397993316e-19,0.000000000000000000e+00,0.000000000000000000e+00,0.000000000000000000e+00,0.000000000000000000e+00,0.000000000000000000e+00,0.000000000000000000e+00,0.000000000000000000e+00,4.020120001608633309e-02,3.060412657968539230e-03,8.087343937001636405e-35,0.000000000000000000e+00,1.531049117783141819e-20,4.896590470333676215e-21,5.657979271590710261e-21,3.830019431601605528e-20,4.074342074057729904e-20,3.822357339894762487e-20,0.000000000000000000e+00,0.000000000000000000e+00,6.740998285122147028e-03,0.000000000000000000e+00,0.000000000000000000e+00,0.000000000000000000e+00,0.000000000000000000e+00,0.000000000000000000e+00,0.000000000000000000e+00,0.000000000000000000e+00,2.747938964637417370e-03,1.642696731739405256e-22,1.524290509335328842e-36,1.331888018855686758e-21,2.747938964637417370e-03,4.896590470333676215e-21,0.000000000000000000e+00,1.317169878934835626e-19,0.000000000000000000e+00,1.349700082896348644e-19,8.669311927279127356e-20,0.000000000000000000e+00,0.000000000000000000e+00,0.000000000000000000e+00,0.000000000000000000e+00,2.000732252043273508e-20,0.000000000000000000e+00,0.000000000000000000e+00,0.000000000000000000e+00,0.000000000000000000e+00,1.585025034716735235e-03,2.320076878744792839e-36,1.190228285015493097e-02,1.611600112064058912e-02,2.691558525076008859e-03,2.747938964637417370e-03,1.531049117783141819e-20,5.671004243616215105e-19,1.531049117783142421e-20,4.168284311634548956e-19,0.000000000000000000e+00,0.000000000000000000e+00,0.000000000000000000e+00,0.000000000000000000e+00,0.000000000000000000e+00,0.000000000000000000e+00,0.000000000000000000e+00,0.000000000000000000e+00,0.000000000000000000e+00,0.000000000000000000e+00,0.000000000000000000e+00,0.000000000000000000e+00,0.000000000000000000e+00,7.968881602205482846e-20,7.968881602205482846e-20,0.000000000000000000e+00,0.000000000000000000e+00,0.000000000000000000e+00,0.000000000000000000e+00,9.082162359370222716e-21,0.000000000000000000e+00,0.000000000000000000e+00,0.000000000000000000e+00,0.000000000000000000e+00,4.929245624440032402e-19,9.839329336166658140e-19,0.000000000000000000e+00,0.000000000000000000e+00,0.000000000000000000e+00,0.000000000000000000e+00,0.000000000000000000e+00,4.127781921482620512e-19,2.575483123619091617e-36,5.240503691740957856e-21,1.611600112064058912e-02,0.000000000000000000e+00,0.000000000000000000e+00,6.044131750015554333e-02,1.536072742505003447e-02,1.524290509335328842e-36,6.740998285122147896e-03,6.740998285122147028e-03,0.000000000000000000e+00,0.000000000000000000e+00,3.312449502838712306e-19,0.000000000000000000e+00,0.000000000000000000e+00,0.000000000000000000e+00,0.000000000000000000e+00,0.000000000000000000e+00,7.098247422341364375e-03,0.000000000000000000e+00,0.000000000000000000e+00,0.000000000000000000e+00,9.399219402802188121e-20,1.466034768225498060e-02,1.611600112064058912e-02,8.683256135955850757e-19,6.381622299882257210e-02,1.743795014111990463e-02,3.238375051146530955e-03,6.740998285122147028e-03,0.000000000000000000e+00,0.000000000000000000e+00,0.000000000000000000e+00,0.000000000000000000e+00,5.051736202796976503e-19,0.000000000000000000e+00,0.000000000000000000e+00,0.000000000000000000e+00,1.717077744969316977e-02,0.000000000000000000e+00,0.000000000000000000e+00,0.000000000000000000e+00,8.805324660191338889e-20,0.000000000000000000e+00,0.000000000000000000e+00,1.593776320441096569e-19,7.207057483941940734e-02,1.057325253300373386e-01,4.910404954649538051e-02,3.731416725038184251e-02,1.168464181715690373e-03,0.000000000000000000e+00,5.491835335877576422e-20,0.000000000000000000e+00,0.000000000000000000e+00,0.000000000000000000e+00,4.027388680048083619e-03,0.000000000000000000e+00,0.000000000000000000e+00,0.000000000000000000e+00,0.000000000000000000e+00,0.000000000000000000e+00,0.000000000000000000e+00,0.000000000000000000e+00,1.331888018855686569e-21,1.524290509335328842e-36,9.185802228039016346e-03,1.807411457524570053e-02,4.779011820982322772e-02,5.472031710242480917e-02,2.565370340439675559e-03,0.000000000000000000e+00,0.000000000000000000e+00,8.723626893204539513e-20,0.000000000000000000e+00,4.027388680048083619e-03,4.027388680048083619e-03,0.000000000000000000e+00,0.000000000000000000e+00,0.000000000000000000e+00,0.000000000000000000e+00,1.331888018855686569e-21,0.000000000000000000e+00,4.151445778672173025e-21,0.000000000000000000e+00,0.000000000000000000e+00,0.000000000000000000e+00,9.185802228039016346e-03,9.185802228039016346e-03,2.143353853209104334e-02,3.260137429371950078e-03,1.245468198443627425e-02,0.000000000000000000e+00,2.143353853209104334e-02,0.000000000000000000e+00,2.046488649485425464e-03,4.027388680048083619e-03,0.000000000000000000e+00,0.000000000000000000e+00,0.000000000000000000e+00,0.000000000000000000e+00,1.524290509335328842e-36,0.000000000000000000e+00,0.000000000000000000e+00,0.000000000000000000e+00,2.653416061855221772e-20,2.600793578183738929e-20,5.236497137282695644e-21,0.000000000000000000e+00,4.244300718917822218e-20,1.331888018855686569e-21,8.320557750250186500e-21,3.060412657968539230e-03,1.274312488270477970e-03,7.614982803539962161e-19,4.508433813803800557e-20,0.000000000000000000e+00,1.984465965620970523e-02,0.000000000000000000e+00,0.000000000000000000e+00,0.000000000000000000e+00,0.000000000000000000e+00,4.330176678913884290e-20,5.182919598234465276e-19,0.000000000000000000e+00,0.000000000000000000e+00,0.000000000000000000e+00,0.000000000000000000e+00,4.877157347030257957e-04,1.275093968717804100e-19,0.000000000000000000e+00,0.000000000000000000e+00,3.822357339894764293e-20,7.771354496376929303e-21,0.000000000000000000e+00,1.380575776834034916e-19,0.000000000000000000e+00,0.000000000000000000e+00,0.000000000000000000e+00,0.000000000000000000e+00,0.000000000000000000e+00,0.000000000000000000e+00,4.050228560209713334e-19,0.000000000000000000e+00,0.000000000000000000e+00,2.490064377371361531e-18,4.151445778672173025e-21,0.000000000000000000e+00,1.331888018855686569e-21,5.236497137282695644e-21,0.000000000000000000e+00,1.076439671955973072e-20,0.000000000000000000e+00,6.891034527283453445e-21,3.115863248154256836e-36,0.000000000000000000e+00,0.000000000000000000e+00,4.257314389346545346e-03,0.000000000000000000e+00,0.000000000000000000e+00,0.000000000000000000e+00,0.000000000000000000e+00,0.000000000000000000e+00,0.000000000000000000e+00,0.000000000000000000e+00,0.000000000000000000e+00,0.000000000000000000e+00,3.129678790232559795e-20,5.081412516973600816e-36,0.000000000000000000e+00,0.000000000000000000e+00,0.000000000000000000e+00,0.000000000000000000e+00,0.000000000000000000e+00,2.875239957574825776e-03,3.060412657968539230e-03,0.000000000000000000e+00,3.889190226558053576e-02,0.000000000000000000e+00,0.000000000000000000e+00,0.000000000000000000e+00,0.000000000000000000e+00,0.000000000000000000e+00,0.000000000000000000e+00,0.000000000000000000e+00,0.000000000000000000e+00,0.000000000000000000e+00,0.000000000000000000e+00,0.000000000000000000e+00,0.000000000000000000e+00,1.633445651676157919e-20,3.129678790232510443e-20,1.671682525682591760e-19,1.871958972948680703e-20,0.000000000000000000e+00,0.000000000000000000e+00,0.000000000000000000e+00,0.000000000000000000e+00,0.000000000000000000e+00,0.000000000000000000e+00,0.000000000000000000e+00,0.000000000000000000e+00,0.000000000000000000e+00,0.000000000000000000e+00,0.000000000000000000e+00,0.000000000000000000e+00,0.000000000000000000e+00,4.142478344679411265e-19,0.000000000000000000e+00,2.205014608994412756e-20,0.000000000000000000e+00,1.125623225014300473e-19,4.955707328221551315e-35,2.700429033759853554e-36,1.076439671955973072e-20,0.000000000000000000e+00,0.000000000000000000e+00,7.190486937486868209e-22,0.000000000000000000e+00,0.000000000000000000e+00,0.000000000000000000e+00,0.000000000000000000e+00,0.000000000000000000e+00,0.000000000000000000e+00,0.000000000000000000e+00,0.000000000000000000e+00,0.000000000000000000e+00,0.000000000000000000e+00,6.040943979956559483e-03,0.000000000000000000e+00,1.524290509335328842e-36,5.880965137016641089e-21,3.036724456669266065e-35,6.196691259494388482e-03,0.000000000000000000e+00,2.492197360703368898e-03,2.775836186096941952e-03,8.239663529463949793e-36,0.000000000000000000e+00,0.000000000000000000e+00,0.000000000000000000e+00,0.000000000000000000e+00,0.000000000000000000e+00,0.000000000000000000e+00,0.000000000000000000e+00,0.000000000000000000e+00,0.000000000000000000e+00,0.000000000000000000e+00,0.000000000000000000e+00,0.000000000000000000e+00,0.000000000000000000e+00,0.000000000000000000e+00,0.000000000000000000e+00,0.000000000000000000e+00,0.000000000000000000e+00,0.000000000000000000e+00,0.000000000000000000e+00,0.000000000000000000e+00
1.073970314679488676e-03,1.125669764208501792e-18,0.000000000000000000e+00,0.000000000000000000e+00,8.345810107286692509e-21,1.021338515093760712e-20,1.893009061905687532e-02,0.000000000000000000e+00,0.000000000000000000e+00,0.000000000000000000e+00,0.000000000000000000e+00,0.000000000000000000e+00,0.000000000000000000e+00,0.000000000000000000e+00,0.000000000000000000e+00,0.000000000000000000e+00,0.000000000000000000e+00,0.000000000000000000e+00,0.000000000000000000e+00,0.000000000000000000e+00,0.000000000000000000e+00,0.000000000000000000e+00,7.785827066472686235e-03,1.839424175893074331e-02,1.305757458755645787e-21,0.000000000000000000e+00,1.909949514117942684e-02,0.000000000000000000e+00,5.108385866423148008e-21,0.000000000000000000e+00,0.000000000000000000e+00,1.909949514117942684e-02,0.000000000000000000e+00,0.000000000000000000e+00,0.000000000000000000e+00,0.000000000000000000e+00,0.000000000000000000e+00,0.000000000000000000e+00,0.000000000000000000e+00,0.000000000000000000e+00,1.722895948896289303e-02,3.537978962095492900e-03,0.000000000000000000e+00,1.917463183329829328e-22,0.000000000000000000e+00,2.714566865181413351e-20,5.303883756687932119e-20,8.339429433851454104e-21,5.108385866423148008e-21,1.917463183329829328e-22,0.000000000000000000e+00,0.000000000000000000e+00,1.343475773439464627e-19,0.000000000000000000e+00,0.000000000000000000e+00,0.000000000000000000e+00,0.000000000000000000e+00,0.000000000000000000e+00,0.000000000000000000e+00,0.000000000000000000e+00,1.777336334685906266e-02,8.161100421249433898e-04,2.156625049867101759e-35,0.000000000000000000e+00,4.082797647421709111e-21,1.305757458755645787e-21,1.508794472424188049e-21,1.021338515093760712e-20,1.086491219748727453e-20,1.019295290638603009e-20,0.000000000000000000e+00,0.000000000000000000e+00,1.909949514117942684e-02,0.000000000000000000e+00,0.000000000000000000e+00,0.000000000000000000e+00,0.000000000000000000e+00,0.000000000000000000e+00,0.000000000000000000e+00,0.000000000000000000e+00,7.785827066472686235e-03,4.380524617971744058e-23,4.064774691560872903e-37,3.551701383615162430e-22,7.785827066472686235e-03,1.305757458755645787e-21,0.000000000000000000e+00,3.512453010492893719e-20,0.000000000000000000e+00,3.599200221056926669e-20,2.311816513941099264e-20,0.000000000000000000e+00,0.000000000000000000e+00,0.000000000000000000e+00,0.000000000000000000e+00,5.668741380789278149e-20,0.000000000000000000e+00,0.000000000000000000e+00,0.000000000000000000e+00,0.000000000000000000e+00,4.490904265030752109e-03,6.186871676652778009e-37,3.173942093374645598e-03,4.297600298837488120e-03,7.626082487715363060e-03,7.785827066472686235e-03,4.082797647421709111e-21,1.512267798297656077e-19,4.082797647421712120e-21,1.132859287833739177e-18,0.000000000000000000e+00,0.000000000000000000e+00,0.000000000000000000e+00,0.000000000000000000e+00,0.000000000000000000e+00,0.000000000000000000e+00,0.000000000000000000e+00,0.000000000000000000e+00,0.000000000000000000e+00,0.000000000000000000e+00,0.000000000000000000e+00,0.000000000000000000e+00,0.000000000000000000e+00,2.257849787291555038e-19,2.257849787291555038e-19,0.000000000000000000e+00,0.000000000000000000e+00,0.000000000000000000e+00,0.000000000000000000e+00,2.421909962498724252e-21,0.000000000000000000e+00,0.000000000000000000e+00,0.000000000000000000e+00,0.000000000000000000e+00,1.314465499850674665e-19,2.623821156311107040e-19,0.000000000000000000e+00,0.000000000000000000e+00,0.000000000000000000e+00,0.000000000000000000e+00,0.000000000000000000e+00,1.169538211086743040e-18,6.867954996317571410e-37,1.397467651130921644e-21,4.297600298837488120e-03,0.000000000000000000e+00,0.000000000000000000e+00,7.113043356574184906e-02,4.096193980013339286e-03,4.064774691560872903e-37,1.909949514117942684e-02,1.909949514117942684e-02,0.000000000000000000e+00,0.000000000000000000e+00,1.280239941510357844e-19,0.000000000000000000e+00,0.000000000000000000e+00,0.000000000000000000e+00,0.000000000000000000e+00,0.000000000000000000e+00,1.892865979291028997e-03,0.000000000000000000e+00,0.000000000000000000e+00,0.000000000000000000e+00,2.663112164127288239e-19,3.909426048601324921e-03,4.297600298837488120e-03,2.460255905187492107e-18,1.701765946635266924e-02,4.650120037631971098e-03,9.175395978248509360e-03,1.909949514117942684e-02,0.000000000000000000e+00,0.000000000000000000e+00,0.000000000000000000e+00,0.000000000000000000e+00,1.347129654079193413e-19,0.000000000000000000e+00,0.000000000000000000e+00,0.000000000000000000e+00,4.578873986584842265e-03,0.000000000000000000e+00,0.000000000000000000e+00,0.000000000000000000e+00,1.691557764227869080e-19,0.000000000000000000e+00,0.000000000000000000e+00,4.515699574583110076e-19,9.780846124151237886e-02,1.038178515743151120e-01,1.309441321239875750e-02,9.950444600101818193e-03,3.310648514861124457e-03,0.000000000000000000e+00,1.464489422900685602e-20,0.000000000000000000e+00,0.000000000000000000e+00,0.000000000000000000e+00,1.073970314679488676e-03,0.000000000000000000e+00,0.000000000000000000e+00,0.000000000000000000e+00,0.000000000000000000e+00,0.000000000000000000e+00,0.000000000000000000e+00,0.000000000000000000e+00,3.551701383615162430e-22,4.064774691560872903e-37,2.602643964611055932e-02,2.839665627203234732e-02,9.133367280695339763e-02,6.960483345968031255e-02,6.840987574505798599e-04,0.000000000000000000e+00,0.000000000000000000e+00,2.471694286407954086e-19,0.000000000000000000e+00,1.073970314679488676e-03,1.073970314679488676e-03,0.000000000000000000e+00,0.000000000000000000e+00,0.000000000000000000e+00,0.000000000000000000e+00,3.551701383615162430e-22,0.000000000000000000e+00,1.107052207645912656e-21,0.000000000000000000e+00,0.000000000000000000e+00,0.000000000000000000e+00,2.602643964611055932e-02,2.602643964611055932e-02,6.072835917425798563e-02,9.237056049887197237e-03,3.321248529183003576e-03,0.000000000000000000e+00,6.072835917425798563e-02,0.000000000000000000e+00,5.457303065294462699e-04,1.073970314679488676e-03,0.000000000000000000e+00,0.000000000000000000e+00,0.000000000000000000e+00,0.000000000000000000e+00,4.064774691560872903e-37,0.000000000000000000e+00,0.000000000000000000e+00,0.000000000000000000e+00,7.075776164947250434e-21,6.935449541823301404e-21,1.396399236608718186e-21,0.000000000000000000e+00,1.131813525044752311e-20,3.551701383615162430e-22,2.218815400066715096e-21,8.161100421249433898e-04,3.398166635387939519e-04,2.030662080943989011e-19,1.202249017014346334e-20,0.000000000000000000e+00,5.291909241655918389e-03,0.000000000000000000e+00,0.000000000000000000e+00,0.000000000000000000e+00,0.000000000000000000e+00,1.154713781043701554e-20,1.382111892862522533e-19,0.000000000000000000e+00,0.000000000000000000e+00,0.000000000000000000e+00,0.000000000000000000e+00,1.381861248325240432e-03,3.400250583247476476e-20,0.000000000000000000e+00,0.000000000000000000e+00,1.019295290638603009e-20,2.072361199033847313e-21,0.000000000000000000e+00,3.681535404890757529e-20,0.000000000000000000e+00,0.000000000000000000e+00,0.000000000000000000e+00,0.000000000000000000e+00,0.000000000000000000e+00,0.000000000000000000e+00,1.080060949389255541e-19,0.000000000000000000e+00,0.000000000000000000e+00,6.640171672990291252e-19,1.107052207645912656e-21,0.000000000000000000e+00,3.551701383615162430e-22,1.396399236608718186e-21,0.000000000000000000e+00,2.870505791882593054e-21,0.000000000000000000e+00,1.837609207275586582e-21,8.308968661744676432e-37,0.000000000000000000e+00,0.000000000000000000e+00,3.642440839491127916e-03,0.000000000000000000e+00,0.000000000000000000e+00,0.000000000000000000e+00,0.000000000000000000e+00,0.000000000000000000e+00,0.000000000000000000e+00,0.000000000000000000e+00,0.000000000000000000e+00,0.000000000000000000e+00,8.345810107286818899e-21,1.355043337859626350e-36,0.000000000000000000e+00,0.000000000000000000e+00,0.000000000000000000e+00,0.000000000000000000e+00,0.000000000000000000e+00,7.667306553532865845e-04,8.161100421249433898e-04,0.000000000000000000e+00,1.037117393748813315e-02,0.000000000000000000e+00,0.000000000000000000e+00,0.000000000000000000e+00,0.000000000000000000e+00,0.000000000000000000e+00,0.000000000000000000e+00,0.000000000000000000e+00,0.000000000000000000e+00,0.000000000000000000e+00,0.000000000000000000e+00,0.000000000000000000e+00,0.000000000000000000e+00,4.355855071136418711e-21,8.345810107286692509e-21,4.457820068486908952e-20,5.303883756687932119e-20,0.000000000000000000e+00,0.000000000000000000e+00,0.000000000000000000e+00,0.000000000000000000e+00,0.000000000000000000e+00,0.000000000000000000e+00,0.000000000000000000e+00,0.000000000000000000e+00,0.000000000000000000e+00,0.000000000000000000e+00,0.000000000000000000e+00,0.000000000000000000e+00,0.000000000000000000e+00,1.104660891914508836e-19,0.000000000000000000e+00,5.880038957318427595e-21,0.000000000000000000e+00,3.001661933371465520e-20,1.321521954192413542e-35,7.201144090026271244e-37,2.870505791882593054e-21,0.000000000000000000e+00,0.000000000000000000e+00,1.917463183329830269e-22,0.000000000000000000e+00,0.000000000000000000e+00,0.000000000000000000e+00,0.000000000000000000e+00,0.000000000000000000e+00,0.000000000000000000e+00,0.000000000000000000e+00,0.000000000000000000e+00,0.000000000000000000e+00,0.000000000000000000e+00,1.711600794321026242e-02,0.000000000000000000e+00,4.064774691560872903e-37,1.568257369871103187e-21,8.097931884451372254e-36,1.652451002531835945e-03,0.000000000000000000e+00,7.061225855326216071e-03,7.402229829591836820e-04,2.197243607857051675e-36,0.000000000000000000e+00,0.000000000000000000e+00,0.000000000000000000e+00,0.000000000000000000e+00,0.000000000000000000e+00,0.000000000000000000e+00,0.000000000000000000e+00,0.000000000000000000e+00,0.000000000000000000e+00,0.000000000000000000e+00,0.000000000000000000e+00,0.000000000000000000e+00,0.000000000000000000e+00,0.000000000000000000e+00,0.000000000000000000e+00,0.000000000000000000e+00,0.000000000000000000e+00,0.000000000000000000e+00,0.000000000000000000e+00,0.000000000000000000e+00
1.028590556799094532e-04,1.330668766758940323e-04,1.581252091282811067e-04,1.003653786025991468e-04,0.000000000000000000e+00,0.000000000000000000e+00,1.558948639216448454e-02,0.000000000000000000e+00,0.000000000000000000e+00,2.292399898365886108e-03,0.000000000000000000e+00,0.000000000000000000e+00,0.000000000000000000e+00,0.000000000000000000e+00,0.000000000000000000e+00,0.000000000000000000e+00,0.000000000000000000e+00,0.000000000000000000e+00,0.000000000000000000e+00,0.000000000000000000e+00,0.000000000000000000e+00,0.000000000000000000e+00,6.411857584153976032e-03,1.514819909559002309e-02,0.000000000000000000e+00,1.436494081947053299e-06,1.573043249270029975e-02,1.436494081947053299e-06,8.874508757986025349e-07,0.000000000000000000e+00,0.000000000000000000e+00,1.572899599861835029e-02,0.000000000000000000e+00,0.000000000000000000e+00,0.000000000000000000e+00,0.000000000000000000e+00,0.000000000000000000e+00,0.000000000000000000e+00,0.000000000000000000e+00,0.000000000000000000e+00,6.411857584153976899e-03,2.913629733490405178e-03,0.000000000000000000e+00,0.000000000000000000e+00,1.607787872275463076e-02,0.000000000000000000e+00,4.367904270213590413e-20,2.334973757375445299e-04,1.067629372396362505e-03,0.000000000000000000e+00,0.000000000000000000e+00,0.000000000000000000e+00,0.000000000000000000e+00,0.000000000000000000e+00,0.000000000000000000e+00,0.000000000000000000e+00,0.000000000000000000e+00,0.000000000000000000e+00,0.000000000000000000e+00,0.000000000000000000e+00,6.411857584153976032e-03,0.000000000000000000e+00,0.000000000000000000e+00,0.000000000000000000e+00,0.000000000000000000e+00,0.000000000000000000e+00,0.000000000000000000e+00,0.000000000000000000e+00,0.000000000000000000e+00,0.000000000000000000e+00,0.000000000000000000e+00,0.000000000000000000e+00,1.572899599861835029e-02,0.000000000000000000e+00,0.000000000000000000e+00,0.000000000000000000e+00,0.000000000000000000e+00,0.000000000000000000e+00,0.000000000000000000e+00,0.000000000000000000e+00,6.411857584153976032e-03,0.000000000000000000e+00,0.000000000000000000e+00,0.000000000000000000e+00,6.411857584153976032e-03,0.000000000000000000e+00,0.000000000000000000e+00,0.000000000000000000e+00,0.000000000000000000e+00,0.000000000000000000e+00,0.000000000000000000e+00,0.000000000000000000e+00,0.000000000000000000e+00,1.604201969756884317e-18,0.000000000000000000e+00,4.668375254767640191e-20,0.000000000000000000e+00,0.000000000000000000e+00,0.000000000000000000e+00,0.000000000000000000e+00,3.698391747672383732e-03,0.000000000000000000e+00,0.000000000000000000e+00,0.000000000000000000e+00,6.280303225177356896e-03,6.411857584153976032e-03,0.000000000000000000e+00,0.000000000000000000e+00,0.000000000000000000e+00,1.898789331439771960e-04,0.000000000000000000e+00,0.000000000000000000e+00,0.000000000000000000e+00,0.000000000000000000e+00,0.000000000000000000e+00,0.000000000000000000e+00,0.000000000000000000e+00,0.000000000000000000e+00,0.000000000000000000e+00,0.000000000000000000e+00,2.252878894564837091e-06,0.000000000000000000e+00,0.000000000000000000e+00,1.859405707181280294e-19,1.859405707181280294e-19,0.000000000000000000e+00,1.065847019852378830e-03,0.000000000000000000e+00,0.000000000000000000e+00,0.000000000000000000e+00,0.000000000000000000e+00,0.000000000000000000e+00,3.963757098947671552e-06,0.000000000000000000e+00,0.000000000000000000e+00,0.000000000000000000e+00,0.000000000000000000e+00,0.000000000000000000e+00,0.000000000000000000e+00,0.000000000000000000e+00,0.000000000000000000e+00,9.631491150126118700e-19,0.000000000000000000e+00,1.396067827579580313e-19,0.000000000000000000e+00,0.000000000000000000e+00,0.000000000000000000e+00,7.400600252371840326e-02,8.339763141630733220e-03,2.446967407253336155e-02,1.575247786827432134e-02,1.572899599861835029e-02,0.000000000000000000e+00,0.000000000000000000e+00,3.608364309879106314e-20,0.000000000000000000e+00,0.000000000000000000e+00,5.333531405504967891e-37,0.000000000000000000e+00,0.000000000000000000e+00,0.000000000000000000e+00,0.000000000000000000e+00,0.000000000000000000e+00,0.000000000000000000e+00,2.193151193987177870e-19,0.000000000000000000e+00,0.000000000000000000e+00,1.123989868574186033e-03,1.932905438048980809e-02,4.413285602541984487e-02,9.491594725262526150e-03,1.575247786827432134e-02,0.000000000000000000e+00,0.000000000000000000e+00,0.000000000000000000e+00,0.000000000000000000e+00,0.000000000000000000e+00,0.000000000000000000e+00,0.000000000000000000e+00,0.000000000000000000e+00,0.000000000000000000e+00,0.000000000000000000e+00,0.000000000000000000e+00,0.000000000000000000e+00,1.324317369657060492e-19,0.000000000000000000e+00,0.000000000000000000e+00,5.814284872180612557e-05,7.372836147147981967e-02,9.114750631733413433e-02,3.061323549241633940e-02,0.000000000000000000e+00,2.726416424003278403e-03,0.000000000000000000e+00,0.000000000000000000e+00,0.000000000000000000e+00,0.000000000000000000e+00,5.794856332695267062e-22,0.000000000000000000e+00,0.000000000000000000e+00,0.000000000000000000e+00,0.000000000000000000e+00,0.000000000000000000e+00,0.000000000000000000e+00,0.000000000000000000e+00,0.000000000000000000e+00,0.000000000000000000e+00,0.000000000000000000e+00,2.156234928538151158e-02,3.428613390214511197e-02,1.161887015985048482e-01,5.107917645853099486e-02,1.255182456162492631e-03,0.000000000000000000e+00,0.000000000000000000e+00,2.035512941747726569e-19,0.000000000000000000e+00,1.762764819965047518e-05,0.000000000000000000e+00,0.000000000000000000e+00,0.000000000000000000e+00,0.000000000000000000e+00,0.000000000000000000e+00,0.000000000000000000e+00,0.000000000000000000e+00,0.000000000000000000e+00,0.000000000000000000e+00,0.000000000000000000e+00,0.000000000000000000e+00,2.143353853209104681e-02,3.028187416017599082e-02,7.271678943880888202e-02,7.839951040968955176e-03,0.000000000000000000e+00,1.860792755721035374e-20,5.001158990821245182e-02,0.000000000000000000e+00,0.000000000000000000e+00,0.000000000000000000e+00,0.000000000000000000e+00,0.000000000000000000e+00,0.000000000000000000e+00,0.000000000000000000e+00,0.000000000000000000e+00,0.000000000000000000e+00,0.000000000000000000e+00,0.000000000000000000e+00,0.000000000000000000e+00,0.000000000000000000e+00,0.000000000000000000e+00,0.000000000000000000e+00,0.000000000000000000e+00,2.329637057677342790e-04,0.000000000000000000e+00,2.329637057677342790e-04,1.275812318927057160e-19,0.000000000000000000e+00,0.000000000000000000e+00,0.000000000000000000e+00,3.134874838724789441e-03,0.000000000000000000e+00,0.000000000000000000e+00,0.000000000000000000e+00,0.000000000000000000e+00,0.000000000000000000e+00,0.000000000000000000e+00,0.000000000000000000e+00,0.000000000000000000e+00,0.000000000000000000e+00,0.000000000000000000e+00,1.138003380973727236e-03,0.000000000000000000e+00,0.000000000000000000e+00,4.162389538768657528e-07,0.000000000000000000e+00,7.992250741430450388e-24,1.430049869352126605e-03,6.915219347413228187e-04,0.000000000000000000e+00,0.000000000000000000e+00,0.000000000000000000e+00,0.000000000000000000e+00,0.000000000000000000e+00,0.000000000000000000e+00,0.000000000000000000e+00,0.000000000000000000e+00,0.000000000000000000e+00,0.000000000000000000e+00,0.000000000000000000e+00,0.000000000000000000e+00,0.000000000000000000e+00,0.000000000000000000e+00,0.000000000000000000e+00,1.436494081947069181e-06,0.000000000000000000e+00,0.000000000000000000e+00,0.000000000000000000e+00,0.000000000000000000e+00,0.000000000000000000e+00,2.279233638483681157e-03,0.000000000000000000e+00,0.000000000000000000e+00,0.000000000000000000e+00,0.000000000000000000e+00,0.000000000000000000e+00,0.000000000000000000e+00,0.000000000000000000e+00,0.000000000000000000e+00,0.000000000000000000e+00,3.202315644290046811e-21,0.000000000000000000e+00,0.000000000000000000e+00,0.000000000000000000e+00,0.000000000000000000e+00,0.000000000000000000e+00,0.000000000000000000e+00,0.000000000000000000e+00,0.000000000000000000e+00,1.000380275213031008e-04,0.000000000000000000e+00,0.000000000000000000e+00,0.000000000000000000e+00,0.000000000000000000e+00,0.000000000000000000e+00,0.000000000000000000e+00,0.000000000000000000e+00,0.000000000000000000e+00,0.000000000000000000e+00,0.000000000000000000e+00,0.000000000000000000e+00,0.000000000000000000e+00,0.000000000000000000e+00,0.000000000000000000e+00,2.733145602094495005e-04,1.166983019965895860e-02,4.367904270213590413e-20,0.000000000000000000e+00,0.000000000000000000e+00,0.000000000000000000e+00,0.000000000000000000e+00,0.000000000000000000e+00,0.000000000000000000e+00,0.000000000000000000e+00,0.000000000000000000e+00,0.000000000000000000e+00,0.000000000000000000e+00,0.000000000000000000e+00,3.158598603586124098e-04,0.000000000000000000e+00,0.000000000000000000e+00,5.782524290282213889e-04,0.000000000000000000e+00,1.436494081947053299e-06,1.436494081947053299e-06,9.094911502746571490e-05,0.000000000000000000e+00,0.000000000000000000e+00,0.000000000000000000e+00,0.000000000000000000e+00,0.000000000000000000e+00,0.000000000000000000e+00,0.000000000000000000e+00,0.000000000000000000e+00,0.000000000000000000e+00,0.000000000000000000e+00,0.000000000000000000e+00,0.000000000000000000e+00,0.000000000000000000e+00,0.000000000000000000e+00,1.678037572644999189e-05,1.410273820766255737e-02,1.436494081948336342e-06,1.436494081947311009e-06,9.406069881127842106e-03,1.436494081947076804e-06,0.000000000000000000e+00,0.000000000000000000e+00,5.815127174974529453e-03,0.000000000000000000e+00,2.112880756462644401e-03,0.000000000000000000e+00,0.000000000000000000e+00,0.000000000000000000e+00,0.000000000000000000e+00,0.000000000000000000e+00,0.000000000000000000e+00,0.000000000000000000e+00,0.000000000000000000e+00,0.000000000000000000e+00,0.000000000000000000e+00,0.000000000000000000e+00,0.000000000000000000e+00,0.000000000000000000e+00,0.000000000000000000e+00,0.000000000000000000e+00,0.000000000000000000e+00,0.000000000000000000e+00,0.000000000000000000e+00,0.000000000000000000e+00,0.000000000000000000e+00
2.644947146054813349e-04,3.421719685951538450e-04,4.066076806155798648e-04,2.580824021209691455e-04,0.000000000000000000e+00,0.000000000000000000e+00,3.340604226892394252e-03,0.000000000000000000e+00,0.000000000000000000e+00,5.894742595797990495e-03,0.000000000000000000e+00,0.000000000000000000e+00,0.000000000000000000e+00,0.000000000000000000e+00,0.000000000000000000e+00,0.000000000000000000e+00,0.000000000000000000e+00,0.000000000000000000e+00,0.000000000000000000e+00,0.000000000000000000e+00,0.000000000000000000e+00,0.000000000000000000e+00,1.373969482318711938e-03,3.246042663340727163e-03,0.000000000000000000e+00,3.693841925006707273e-06,3.374192984486087954e-03,3.693841925006707273e-06,2.282016537767834606e-06,0.000000000000000000e+00,0.000000000000000000e+00,3.370499142561083489e-03,0.000000000000000000e+00,0.000000000000000000e+00,0.000000000000000000e+00,0.000000000000000000e+00,0.000000000000000000e+00,0.000000000000000000e+00,0.000000000000000000e+00,0.000000000000000000e+00,1.373969482318711938e-03,6.243492286050877221e-04,0.000000000000000000e+00,0.000000000000000000e+00,4.134311671565474994e-02,0.000000000000000000e+00,9.359794864743423075e-21,6.004218233251143195e-04,2.745332671876359737e-03,0.000000000000000000e+00,0.000000000000000000e+00,0.000000000000000000e+00,0.000000000000000000e+00,0.000000000000000000e+00,0.000000000000000000e+00,0.000000000000000000e+00,0.000000000000000000e+00,0.000000000000000000e+00,0.000000000000000000e+00,0.000000000000000000e+00,1.373969482318711938e-03,0.000000000000000000e+00,0.000000000000000000e+00,0.000000000000000000e+00,0.000000000000000000e+00,0.000000000000000000e+00,0.000000000000000000e+00,0.000000000000000000e+00,0.000000000000000000e+00,0.000000000000000000e+00,0.000000000000000000e+00,0.000000000000000000e+00,3.370499142561083489e-03,0.000000000000000000e+00,0.000000000000000000e+00,0.000000000000000000e+00,0.000000000000000000e+00,0.000000000000000000e+00,0.000000000000000000e+00,0.000000000000000000e+00,1.373969482318711938e-03,0.000000000000000000e+00,0.000000000000000000e+00,0.000000000000000000e+00,1.373969482318711938e-03,0.000000000000000000e+00,0.000000000000000000e+00,0.000000000000000000e+00,0.000000000000000000e+00,0.000000000000000000e+00,0.000000000000000000e+00,0.000000000000000000e+00,0.000000000000000000e+00,4.125090779374844342e-18,0.000000000000000000e+00,1.000366126021639161e-20,0.000000000000000000e+00,0.000000000000000000e+00,0.000000000000000000e+00,0.000000000000000000e+00,7.925125173583692437e-04,0.000000000000000000e+00,0.000000000000000000e+00,0.000000000000000000e+00,1.345779262538008766e-03,1.373969482318711938e-03,0.000000000000000000e+00,0.000000000000000000e+00,0.000000000000000000e+00,4.882601137987961962e-04,0.000000000000000000e+00,0.000000000000000000e+00,0.000000000000000000e+00,0.000000000000000000e+00,0.000000000000000000e+00,0.000000000000000000e+00,0.000000000000000000e+00,0.000000000000000000e+00,0.000000000000000000e+00,0.000000000000000000e+00,5.793117157452435813e-06,0.000000000000000000e+00,0.000000000000000000e+00,3.984440801102749849e-20,3.984440801102749849e-20,0.000000000000000000e+00,2.740749479620401777e-03,0.000000000000000000e+00,0.000000000000000000e+00,0.000000000000000000e+00,0.000000000000000000e+00,0.000000000000000000e+00,1.019251825443686801e-05,0.000000000000000000e+00,0.000000000000000000e+00,0.000000000000000000e+00,0.000000000000000000e+00,0.000000000000000000e+00,0.000000000000000000e+00,0.000000000000000000e+00,0.000000000000000000e+00,2.063890960741313626e-19,0.000000000000000000e+00,3.589888699490348620e-19,0.000000000000000000e+00,0.000000000000000000e+00,0.000000000000000000e+00,7.241668742020369864e-02,2.144510522133616370e-02,6.292201904365719856e-02,3.430881093105003082e-03,3.370499142561083489e-03,0.000000000000000000e+00,0.000000000000000000e+00,7.732209235455238993e-21,0.000000000000000000e+00,0.000000000000000000e+00,1.371479504272705719e-36,0.000000000000000000e+00,0.000000000000000000e+00,0.000000000000000000e+00,0.000000000000000000e+00,0.000000000000000000e+00,0.000000000000000000e+00,4.699609701401103690e-20,0.000000000000000000e+00,0.000000000000000000e+00,2.890259662047901367e-03,4.970328269268806803e-02,1.134844869225081349e-01,6.595895083654853934e-03,3.430881093105003082e-03,0.000000000000000000e+00,0.000000000000000000e+00,0.000000000000000000e+00,0.000000000000000000e+00,0.000000000000000000e+00,0.000000000000000000e+00,0.000000000000000000e+00,0.000000000000000000e+00,0.000000000000000000e+00,0.000000000000000000e+00,0.000000000000000000e+00,0.000000000000000000e+00,2.837822934979419640e-20,0.000000000000000000e+00,0.000000000000000000e+00,1.495101824275005655e-04,2.118084103166127663e-02,7.233106305963386828e-02,7.871974840907056126e-02,0.000000000000000000e+00,5.842320908578460537e-04,0.000000000000000000e+00,0.000000000000000000e+00,0.000000000000000000e+00,0.000000000000000000e+00,1.490105914121639618e-21,0.000000000000000000e+00,0.000000000000000000e+00,0.000000000000000000e+00,0.000000000000000000e+00,0.000000000000000000e+00,0.000000000000000000e+00,0.000000000000000000e+00,0.000000000000000000e+00,0.000000000000000000e+00,0.000000000000000000e+00,4.924128765337848490e-03,3.764243206558710170e-02,1.303645727868684989e-01,1.346199182400749372e-02,3.227612030132123288e-03,0.000000000000000000e+00,0.000000000000000000e+00,4.361813446602277581e-20,0.000000000000000000e+00,4.532823822767263208e-05,0.000000000000000000e+00,0.000000000000000000e+00,0.000000000000000000e+00,0.000000000000000000e+00,0.000000000000000000e+00,0.000000000000000000e+00,0.000000000000000000e+00,0.000000000000000000e+00,0.000000000000000000e+00,0.000000000000000000e+00,0.000000000000000000e+00,4.592901114019519448e-03,2.734576415766650642e-02,6.910156805900778687e-02,2.229118243803011185e-03,0.000000000000000000e+00,4.784895657568375129e-20,1.071676926604554769e-02,0.000000000000000000e+00,0.000000000000000000e+00,0.000000000000000000e+00,0.000000000000000000e+00,0.000000000000000000e+00,0.000000000000000000e+00,0.000000000000000000e+00,0.000000000000000000e+00,0.000000000000000000e+00,0.000000000000000000e+00,0.000000000000000000e+00,0.000000000000000000e+00,0.000000000000000000e+00,0.000000000000000000e+00,0.000000000000000000e+00,0.000000000000000000e+00,5.990495291170308328e-04,0.000000000000000000e+00,5.990495291170308328e-04,3.280660248669574385e-19,0.000000000000000000e+00,0.000000000000000000e+00,0.000000000000000000e+00,8.061106728149455836e-03,0.000000000000000000e+00,0.000000000000000000e+00,0.000000000000000000e+00,0.000000000000000000e+00,0.000000000000000000e+00,0.000000000000000000e+00,0.000000000000000000e+00,0.000000000000000000e+00,0.000000000000000000e+00,0.000000000000000000e+00,2.438578673515134129e-04,0.000000000000000000e+00,0.000000000000000000e+00,1.070328738540511633e-06,0.000000000000000000e+00,2.055150190653544008e-23,3.677271092619752765e-03,1.778199260763400945e-03,0.000000000000000000e+00,0.000000000000000000e+00,0.000000000000000000e+00,0.000000000000000000e+00,0.000000000000000000e+00,0.000000000000000000e+00,0.000000000000000000e+00,0.000000000000000000e+00,0.000000000000000000e+00,0.000000000000000000e+00,0.000000000000000000e+00,0.000000000000000000e+00,0.000000000000000000e+00,0.000000000000000000e+00,0.000000000000000000e+00,3.693841925006747930e-06,0.000000000000000000e+00,0.000000000000000000e+00,0.000000000000000000e+00,0.000000000000000000e+00,0.000000000000000000e+00,4.884072082465039724e-04,0.000000000000000000e+00,0.000000000000000000e+00,0.000000000000000000e+00,0.000000000000000000e+00,0.000000000000000000e+00,0.000000000000000000e+00,0.000000000000000000e+00,0.000000000000000000e+00,0.000000000000000000e+00,8.234525942460117899e-21,0.000000000000000000e+00,0.000000000000000000e+00,0.000000000000000000e+00,0.000000000000000000e+00,0.000000000000000000e+00,0.000000000000000000e+00,0.000000000000000000e+00,0.000000000000000000e+00,2.572406421976364287e-04,0.000000000000000000e+00,0.000000000000000000e+00,0.000000000000000000e+00,0.000000000000000000e+00,0.000000000000000000e+00,0.000000000000000000e+00,0.000000000000000000e+00,0.000000000000000000e+00,0.000000000000000000e+00,0.000000000000000000e+00,0.000000000000000000e+00,0.000000000000000000e+00,0.000000000000000000e+00,0.000000000000000000e+00,7.028088691100127690e-04,3.000813479912302698e-02,9.359794864743423075e-21,0.000000000000000000e+00,0.000000000000000000e+00,0.000000000000000000e+00,0.000000000000000000e+00,0.000000000000000000e+00,0.000000000000000000e+00,0.000000000000000000e+00,0.000000000000000000e+00,0.000000000000000000e+00,0.000000000000000000e+00,0.000000000000000000e+00,8.122110694935744894e-04,0.000000000000000000e+00,0.000000000000000000e+00,1.486934817501140435e-03,0.000000000000000000e+00,3.693841925006707273e-06,3.693841925006707273e-06,2.338691529277689115e-04,0.000000000000000000e+00,0.000000000000000000e+00,0.000000000000000000e+00,0.000000000000000000e+00,0.000000000000000000e+00,0.000000000000000000e+00,0.000000000000000000e+00,0.000000000000000000e+00,0.000000000000000000e+00,0.000000000000000000e+00,0.000000000000000000e+00,0.000000000000000000e+00,0.000000000000000000e+00,0.000000000000000000e+00,4.314953758229996076e-05,3.038992072799777400e-03,3.693841925010006890e-06,3.693841925007369652e-06,2.418703683718587474e-02,3.693841925006767412e-06,0.000000000000000000e+00,0.000000000000000000e+00,1.246098680351687485e-03,0.000000000000000000e+00,5.433121945189655667e-03,0.000000000000000000e+00,0.000000000000000000e+00,0.000000000000000000e+00,0.000000000000000000e+00,0.000000000000000000e+00,0.000000000000000000e+00,0.000000000000000000e+00,0.000000000000000000e+00,0.000000000000000000e+00,0.000000000000000000e+00,0.000000000000000000e+00,0.000000000000000000e+00,0.000000000000000000e+00,0.000000000000000000e+00,0.000000000000000000e+00,0.000000000000000000e+00,0.000000000000000000e+00,0.000000000000000000e+00,0.000000000000000000e+00,0.000000000000000000e+00
1.910239605484034212e-04,2.471241995409445731e-04,2.936611026668080717e-04,1.863928459762557229e-04,0.000000000000000000e+00,0.000000000000000000e+00,0.000000000000000000e+00,0.000000000000000000e+00,0.000000000000000000e+00,4.257314096965220465e-03,0.000000000000000000e+00,0.000000000000000000e+00,0.000000000000000000e+00,0.000000000000000000e+00,0.000000000000000000e+00,0.000000000000000000e+00,0.000000000000000000e+00,0.000000000000000000e+00,0.000000000000000000e+00,0.000000000000000000e+00,4.089475414496931320e-04,0.000000000000000000e+00,0.000000000000000000e+00,0.000000000000000000e+00,0.000000000000000000e+00,2.667774723615958123e-06,2.667774723615958123e-06,2.667774723615958123e-06,1.648123055054549168e-06,0.000000000000000000e+00,0.000000000000000000e+00,0.000000000000000000e+00,0.000000000000000000e+00,0.000000000000000000e+00,0.000000000000000000e+00,0.000000000000000000e+00,0.000000000000000000e+00,0.000000000000000000e+00,0.000000000000000000e+00,0.000000000000000000e+00,4.089475414496933489e-04,1.838281541826081980e-04,0.000000000000000000e+00,0.000000000000000000e+00,3.098245269937444091e-02,0.000000000000000000e+00,0.000000000000000000e+00,4.336379835125830700e-04,1.982740263021817197e-03,0.000000000000000000e+00,0.000000000000000000e+00,0.000000000000000000e+00,0.000000000000000000e+00,0.000000000000000000e+00,0.000000000000000000e+00,0.000000000000000000e+00,0.000000000000000000e+00,0.000000000000000000e+00,0.000000000000000000e+00,0.000000000000000000e+00,4.089475414496931862e-04,0.000000000000000000e+00,0.000000000000000000e+00,0.000000000000000000e+00,1.123535071401533282e-03,0.000000000000000000e+00,0.000000000000000000e+00,0.000000000000000000e+00,0.000000000000000000e+00,0.000000000000000000e+00,0.000000000000000000e+00,0.000000000000000000e+00,0.000000000000000000e+00,0.000000000000000000e+00,0.000000000000000000e+00,0.000000000000000000e+00,0.000000000000000000e+00,0.000000000000000000e+00,0.000000000000000000e+00,0.000000000000000000e+00,4.089475414496931862e-04,4.089475414496931862e-04,0.000000000000000000e+00,0.000000000000000000e+00,0.000000000000000000e+00,8.126642028508164364e-05,0.000000000000000000e+00,0.000000000000000000e+00,0.000000000000000000e+00,0.000000000000000000e+00,0.000000000000000000e+00,0.000000000000000000e+00,0.000000000000000000e+00,2.979232229548502115e-18,0.000000000000000000e+00,0.000000000000000000e+00,0.000000000000000000e+00,0.000000000000000000e+00,0.000000000000000000e+00,0.000000000000000000e+00,4.089475414496931862e-04,4.089475414496931862e-04,4.089475414496931320e-04,0.000000000000000000e+00,0.000000000000000000e+00,0.000000000000000000e+00,0.000000000000000000e+00,0.000000000000000000e+00,0.000000000000000000e+00,3.526323044102419894e-04,2.405356531256133135e-19,0.000000000000000000e+00,0.000000000000000000e+00,0.000000000000000000e+00,2.405356531256133135e-19,0.000000000000000000e+00,0.000000000000000000e+00,0.000000000000000000e+00,0.000000000000000000e+00,0.000000000000000000e+00,3.818164057931480986e-04,0.000000000000000000e+00,0.000000000000000000e+00,0.000000000000000000e+00,1.123535071401533282e-03,3.770792115979155665e-04,1.979430179725848258e-03,0.000000000000000000e+00,0.000000000000000000e+00,0.000000000000000000e+00,0.000000000000000000e+00,0.000000000000000000e+00,7.361263183760174907e-06,0.000000000000000000e+00,0.000000000000000000e+00,0.000000000000000000e+00,0.000000000000000000e+00,0.000000000000000000e+00,0.000000000000000000e+00,0.000000000000000000e+00,0.000000000000000000e+00,0.000000000000000000e+00,0.000000000000000000e+00,2.592697394076366155e-19,0.000000000000000000e+00,0.000000000000000000e+00,2.437909670756326606e-03,5.137673189900193726e-02,1.548813154874280167e-02,4.544368042041913719e-02,4.360918650394345563e-05,0.000000000000000000e+00,2.405356531256133135e-19,0.000000000000000000e+00,0.000000000000000000e+00,0.000000000000000000e+00,0.000000000000000000e+00,4.089475414496931862e-04,0.000000000000000000e+00,0.000000000000000000e+00,0.000000000000000000e+00,0.000000000000000000e+00,0.000000000000000000e+00,0.000000000000000000e+00,0.000000000000000000e+00,0.000000000000000000e+00,0.000000000000000000e+00,8.903089654700043626e-03,5.607657340972430071e-02,1.137264816015857438e-01,3.110577311575797588e-02,4.360918650394376734e-05,0.000000000000000000e+00,0.000000000000000000e+00,0.000000000000000000e+00,0.000000000000000000e+00,0.000000000000000000e+00,1.532482612851226739e-03,0.000000000000000000e+00,0.000000000000000000e+00,5.497957785728305960e-19,0.000000000000000000e+00,0.000000000000000000e+00,0.000000000000000000e+00,0.000000000000000000e+00,0.000000000000000000e+00,0.000000000000000000e+00,1.079795761976393560e-04,2.442004804671348006e-02,9.202324521129782997e-02,8.861861489743635967e-02,0.000000000000000000e+00,0.000000000000000000e+00,0.000000000000000000e+00,0.000000000000000000e+00,0.000000000000000000e+00,0.000000000000000000e+00,4.089475414496931320e-04,1.532482612851226739e-03,0.000000000000000000e+00,0.000000000000000000e+00,0.000000000000000000e+00,1.276003298962676564e-18,4.295279520100239031e-21,0.000000000000000000e+00,0.000000000000000000e+00,0.000000000000000000e+00,0.000000000000000000e+00,2.392199703965675322e-04,2.621667452326528064e-02,1.148606705624656971e-01,3.374812400496897402e-02,2.331053132873202489e-03,0.000000000000000000e+00,0.000000000000000000e+00,0.000000000000000000e+00,0.000000000000000000e+00,3.273706094220805535e-05,4.089475414496931862e-04,0.000000000000000000e+00,0.000000000000000000e+00,8.985938725089270830e-20,0.000000000000000000e+00,0.000000000000000000e+00,0.000000000000000000e+00,0.000000000000000000e+00,0.000000000000000000e+00,0.000000000000000000e+00,0.000000000000000000e+00,0.000000000000000000e+00,1.643262330930062021e-02,6.035937878934367201e-02,4.326468821400794259e-04,0.000000000000000000e+00,3.452107478074393707e-03,6.414549364273176767e-21,0.000000000000000000e+00,0.000000000000000000e+00,9.884186048198488270e-03,0.000000000000000000e+00,0.000000000000000000e+00,0.000000000000000000e+00,2.460579194521089464e-20,0.000000000000000000e+00,0.000000000000000000e+00,0.000000000000000000e+00,4.295279520100239031e-21,0.000000000000000000e+00,0.000000000000000000e+00,0.000000000000000000e+00,0.000000000000000000e+00,0.000000000000000000e+00,4.326468821400782875e-04,1.336407823289520978e-02,1.379672511503528959e-02,2.369365735150250869e-19,0.000000000000000000e+00,0.000000000000000000e+00,0.000000000000000000e+00,6.145352621813591695e-03,0.000000000000000000e+00,0.000000000000000000e+00,0.000000000000000000e+00,0.000000000000000000e+00,0.000000000000000000e+00,0.000000000000000000e+00,0.000000000000000000e+00,0.000000000000000000e+00,0.000000000000000000e+00,0.000000000000000000e+00,0.000000000000000000e+00,0.000000000000000000e+00,0.000000000000000000e+00,7.730152000570370030e-07,1.336407823289520978e-02,1.484275137694228138e-23,2.655806900225380057e-03,1.284255021662457624e-03,0.000000000000000000e+00,0.000000000000000000e+00,0.000000000000000000e+00,0.000000000000000000e+00,0.000000000000000000e+00,0.000000000000000000e+00,0.000000000000000000e+00,0.000000000000000000e+00,0.000000000000000000e+00,0.000000000000000000e+00,0.000000000000000000e+00,0.000000000000000000e+00,0.000000000000000000e+00,0.000000000000000000e+00,0.000000000000000000e+00,2.667774723615988193e-06,0.000000000000000000e+00,0.000000000000000000e+00,0.000000000000000000e+00,6.815679898776558221e-03,0.000000000000000000e+00,0.000000000000000000e+00,0.000000000000000000e+00,0.000000000000000000e+00,0.000000000000000000e+00,0.000000000000000000e+00,0.000000000000000000e+00,0.000000000000000000e+00,0.000000000000000000e+00,0.000000000000000000e+00,0.000000000000000000e+00,5.947157625110091502e-21,1.553240616541437740e-18,0.000000000000000000e+00,0.000000000000000000e+00,0.000000000000000000e+00,0.000000000000000000e+00,0.000000000000000000e+00,0.000000000000000000e+00,5.821839660853691742e-03,1.857849082538487939e-04,0.000000000000000000e+00,0.000000000000000000e+00,0.000000000000000000e+00,0.000000000000000000e+00,0.000000000000000000e+00,0.000000000000000000e+00,0.000000000000000000e+00,0.000000000000000000e+00,0.000000000000000000e+00,0.000000000000000000e+00,0.000000000000000000e+00,0.000000000000000000e+00,1.916383082925662170e-19,0.000000000000000000e+00,5.075841832461209114e-04,2.167254179936665276e-02,0.000000000000000000e+00,0.000000000000000000e+00,0.000000000000000000e+00,0.000000000000000000e+00,0.000000000000000000e+00,0.000000000000000000e+00,0.000000000000000000e+00,0.000000000000000000e+00,0.000000000000000000e+00,0.000000000000000000e+00,0.000000000000000000e+00,0.000000000000000000e+00,1.812557107588593647e-03,0.000000000000000000e+00,0.000000000000000000e+00,1.073897368195269285e-03,0.000000000000000000e+00,2.667774723615958123e-06,2.667774723615958123e-06,1.689054993367222085e-04,0.000000000000000000e+00,0.000000000000000000e+00,0.000000000000000000e+00,0.000000000000000000e+00,0.000000000000000000e+00,0.000000000000000000e+00,0.000000000000000000e+00,0.000000000000000000e+00,0.000000000000000000e+00,0.000000000000000000e+00,0.000000000000000000e+00,0.000000000000000000e+00,0.000000000000000000e+00,0.000000000000000000e+00,3.116355492055000818e-05,1.337561537107677788e-05,2.667774723618341674e-06,2.667774723616436697e-06,1.746841549352315393e-02,2.667774723616001322e-06,0.000000000000000000e+00,3.771073308083358090e-03,0.000000000000000000e+00,0.000000000000000000e+00,3.923921404859200338e-03,0.000000000000000000e+00,0.000000000000000000e+00,0.000000000000000000e+00,0.000000000000000000e+00,0.000000000000000000e+00,0.000000000000000000e+00,0.000000000000000000e+00,0.000000000000000000e+00,0.000000000000000000e+00,0.000000000000000000e+00,0.000000000000000000e+00,0.000000000000000000e+00,0.000000000000000000e+00,0.000000000000000000e+00,0.000000000000000000e+00,0.000000000000000000e+00,0.000000000000000000e+00,0.000000000000000000e+00,0.000000000000000000e+00,0.000000000000000000e+00
2.938830162283151241e-05,3.801910762168405570e-05,4.517863117950931357e-05,2.867582245788573769e-05,0.000000000000000000e+00,0.000000000000000000e+00,0.000000000000000000e+00,0.000000000000000000e+00,0.000000000000000000e+00,6.549713995331156446e-04,0.000000000000000000e+00,0.000000000000000000e+00,0.000000000000000000e+00,0.000000000000000000e+00,0.000000000000000000e+00,0.000000000000000000e+00,0.000000000000000000e+00,0.000000000000000000e+00,0.000000000000000000e+00,0.000000000000000000e+00,9.712504109430216900e-04,0.000000000000000000e+00,0.000000000000000000e+00,0.000000000000000000e+00,0.000000000000000000e+00,4.104268805563037256e-07,4.104268805563037256e-07,4.104268805563037256e-07,2.535573930853173091e-07,0.000000000000000000e+00,0.000000000000000000e+00,0.000000000000000000e+00,0.000000000000000000e+00,0.000000000000000000e+00,0.000000000000000000e+00,0.000000000000000000e+00,0.000000000000000000e+00,0.000000000000000000e+00,0.000000000000000000e+00,0.000000000000000000e+00,9.712504109430219069e-04,4.365918661836946566e-04,0.000000000000000000e+00,0.000000000000000000e+00,7.262075429651439207e-03,0.000000000000000000e+00,0.000000000000000000e+00,6.671353592501328041e-05,3.050369635418203988e-04,0.000000000000000000e+00,0.000000000000000000e+00,0.000000000000000000e+00,0.000000000000000000e+00,0.000000000000000000e+00,0.000000000000000000e+00,0.000000000000000000e+00,0.000000000000000000e+00,0.000000000000000000e+00,0.000000000000000000e+00,0.000000000000000000e+00,9.712504109430219069e-04,0.000000000000000000e+00,0.000000000000000000e+00,0.000000000000000000e+00,2.668395794578642954e-03,0.000000000000000000e+00,0.000000000000000000e+00,0.000000000000000000e+00,0.000000000000000000e+00,0.000000000000000000e+00,0.000000000000000000e+00,0.000000000000000000e+00,0.000000000000000000e+00,0.000000000000000000e+00,0.000000000000000000e+00,0.000000000000000000e+00,0.000000000000000000e+00,0.000000000000000000e+00,0.000000000000000000e+00,0.000000000000000000e+00,9.712504109430219069e-04,9.712504109430219069e-04,0.000000000000000000e+00,0.000000000000000000e+00,0.000000000000000000e+00,1.930077481770689951e-04,0.000000000000000000e+00,0.000000000000000000e+00,0.000000000000000000e+00,0.000000000000000000e+00,0.000000000000000000e+00,0.000000000000000000e+00,0.000000000000000000e+00,4.583434199305422833e-19,0.000000000000000000e+00,0.000000000000000000e+00,0.000000000000000000e+00,0.000000000000000000e+00,0.000000000000000000e+00,0.000000000000000000e+00,9.712504109430219069e-04,9.712504109430219069e-04,9.712504109430216900e-04,0.000000000000000000e+00,0.000000000000000000e+00,0.000000000000000000e+00,0.000000000000000000e+00,0.000000000000000000e+00,0.000000000000000000e+00,5.425112375542220314e-05,5.712721761733319326e-19,0.000000000000000000e+00,0.000000000000000000e+00,0.000000000000000000e+00,5.712721761733319326e-19,0.000000000000000000e+00,0.000000000000000000e+00,0.000000000000000000e+00,0.000000000000000000e+00,0.000000000000000000e+00,8.975208383186472063e-04,0.000000000000000000e+00,0.000000000000000000e+00,0.000000000000000000e+00,2.668395794578642954e-03,8.955631275450498703e-04,3.045277199578253109e-04,0.000000000000000000e+00,0.000000000000000000e+00,0.000000000000000000e+00,0.000000000000000000e+00,0.000000000000000000e+00,1.132502028271261356e-06,0.000000000000000000e+00,0.000000000000000000e+00,0.000000000000000000e+00,0.000000000000000000e+00,0.000000000000000000e+00,0.000000000000000000e+00,0.000000000000000000e+00,0.000000000000000000e+00,0.000000000000000000e+00,0.000000000000000000e+00,3.988765221655976080e-20,0.000000000000000000e+00,0.000000000000000000e+00,5.790035468046278617e-03,2.304278622116751746e-02,2.382789469037371183e-03,6.991335449295296711e-03,6.709105615991355076e-06,0.000000000000000000e+00,5.712721761733319326e-19,0.000000000000000000e+00,0.000000000000000000e+00,0.000000000000000000e+00,0.000000000000000000e+00,9.712504109430219069e-04,0.000000000000000000e+00,0.000000000000000000e+00,0.000000000000000000e+00,0.000000000000000000e+00,0.000000000000000000e+00,0.000000000000000000e+00,0.000000000000000000e+00,0.000000000000000000e+00,0.000000000000000000e+00,1.650837972204410170e-02,5.344951252857475105e-02,8.805236269890928669e-02,6.589274277550268011e-02,6.709105615991395734e-06,0.000000000000000000e+00,0.000000000000000000e+00,0.000000000000000000e+00,0.000000000000000000e+00,0.000000000000000000e+00,3.639646205521665512e-03,0.000000000000000000e+00,0.000000000000000000e+00,1.305764974110473291e-18,0.000000000000000000e+00,0.000000000000000000e+00,0.000000000000000000e+00,0.000000000000000000e+00,0.000000000000000000e+00,0.000000000000000000e+00,1.661224249194462473e-05,4.857927785734227760e-02,1.261561618914734395e-01,8.418961397519397760e-02,0.000000000000000000e+00,0.000000000000000000e+00,0.000000000000000000e+00,0.000000000000000000e+00,0.000000000000000000e+00,0.000000000000000000e+00,9.712504109430216900e-04,3.639646205521665512e-03,0.000000000000000000e+00,0.000000000000000000e+00,0.000000000000000000e+00,3.030507835036358524e-18,1.020128886023807259e-20,0.000000000000000000e+00,0.000000000000000000e+00,0.000000000000000000e+00,0.000000000000000000e+00,3.680307236870295580e-05,9.247646091282014924e-03,8.822685330827542693e-02,7.574799999173739695e-02,3.586235589035720490e-04,0.000000000000000000e+00,0.000000000000000000e+00,0.000000000000000000e+00,0.000000000000000000e+00,5.036470914185891678e-06,9.712504109430219069e-04,0.000000000000000000e+00,0.000000000000000000e+00,2.134160447208702966e-19,0.000000000000000000e+00,0.000000000000000000e+00,0.000000000000000000e+00,0.000000000000000000e+00,0.000000000000000000e+00,0.000000000000000000e+00,0.000000000000000000e+00,0.000000000000000000e+00,2.528095893738573768e-03,4.969457656098093257e-02,6.656105879078195054e-05,0.000000000000000000e+00,8.198755260426689173e-03,9.868537483497274888e-22,0.000000000000000000e+00,0.000000000000000000e+00,2.347494186447142417e-02,0.000000000000000000e+00,0.000000000000000000e+00,0.000000000000000000e+00,5.843875586987590411e-20,0.000000000000000000e+00,0.000000000000000000e+00,0.000000000000000000e+00,1.020128886023807259e-20,0.000000000000000000e+00,0.000000000000000000e+00,0.000000000000000000e+00,0.000000000000000000e+00,0.000000000000000000e+00,6.656105879078173370e-05,3.173968580312613863e-02,3.180624686191692307e-02,3.645178054077336436e-20,0.000000000000000000e+00,0.000000000000000000e+00,0.000000000000000000e+00,1.663853767067521340e-03,0.000000000000000000e+00,0.000000000000000000e+00,0.000000000000000000e+00,0.000000000000000000e+00,0.000000000000000000e+00,0.000000000000000000e+00,0.000000000000000000e+00,0.000000000000000000e+00,0.000000000000000000e+00,0.000000000000000000e+00,0.000000000000000000e+00,0.000000000000000000e+00,0.000000000000000000e+00,1.189254153933911226e-07,3.173968580312613863e-02,2.283500211837291691e-24,4.085856769577536803e-04,1.975776956403794971e-04,0.000000000000000000e+00,0.000000000000000000e+00,0.000000000000000000e+00,0.000000000000000000e+00,0.000000000000000000e+00,0.000000000000000000e+00,0.000000000000000000e+00,0.000000000000000000e+00,0.000000000000000000e+00,0.000000000000000000e+00,0.000000000000000000e+00,0.000000000000000000e+00,0.000000000000000000e+00,0.000000000000000000e+00,0.000000000000000000e+00,4.104268805563088078e-07,0.000000000000000000e+00,0.000000000000000000e+00,0.000000000000000000e+00,1.618723975959433445e-02,0.000000000000000000e+00,0.000000000000000000e+00,0.000000000000000000e+00,0.000000000000000000e+00,0.000000000000000000e+00,0.000000000000000000e+00,0.000000000000000000e+00,0.000000000000000000e+00,0.000000000000000000e+00,0.000000000000000000e+00,0.000000000000000000e+00,9.149473269400207902e-22,3.688946464285916510e-18,0.000000000000000000e+00,0.000000000000000000e+00,0.000000000000000000e+00,0.000000000000000000e+00,0.000000000000000000e+00,0.000000000000000000e+00,1.382686919452752461e-02,2.858229357751541173e-05,0.000000000000000000e+00,0.000000000000000000e+00,0.000000000000000000e+00,0.000000000000000000e+00,0.000000000000000000e+00,0.000000000000000000e+00,0.000000000000000000e+00,0.000000000000000000e+00,0.000000000000000000e+00,0.000000000000000000e+00,0.000000000000000000e+00,0.000000000000000000e+00,4.551409821948449789e-19,0.000000000000000000e+00,7.808987434555758871e-05,3.334237199902584381e-03,0.000000000000000000e+00,0.000000000000000000e+00,0.000000000000000000e+00,0.000000000000000000e+00,0.000000000000000000e+00,0.000000000000000000e+00,0.000000000000000000e+00,0.000000000000000000e+00,0.000000000000000000e+00,0.000000000000000000e+00,0.000000000000000000e+00,0.000000000000000000e+00,3.001901206543635021e-03,0.000000000000000000e+00,0.000000000000000000e+00,1.652149797223504551e-04,0.000000000000000000e+00,4.104268805563037256e-07,4.104268805563037256e-07,2.598546143641903899e-05,0.000000000000000000e+00,0.000000000000000000e+00,0.000000000000000000e+00,0.000000000000000000e+00,0.000000000000000000e+00,0.000000000000000000e+00,0.000000000000000000e+00,0.000000000000000000e+00,0.000000000000000000e+00,0.000000000000000000e+00,0.000000000000000000e+00,0.000000000000000000e+00,0.000000000000000000e+00,0.000000000000000000e+00,4.794393064700039309e-06,2.057786980165673512e-06,4.104268805566713379e-07,4.104268805563782645e-07,2.687448537465119552e-03,4.104268805563105019e-07,0.000000000000000000e+00,8.956299106697981210e-03,0.000000000000000000e+00,0.000000000000000000e+00,6.036802161321890708e-04,0.000000000000000000e+00,0.000000000000000000e+00,0.000000000000000000e+00,0.000000000000000000e+00,0.000000000000000000e+00,0.000000000000000000e+00,0.000000000000000000e+00,0.000000000000000000e+00,0.000000000000000000e+00,0.000000000000000000e+00,0.000000000000000000e+00,0.000000000000000000e+00,0.000000000000000000e+00,0.000000000000000000e+00,0.000000000000000000e+00,0.000000000000000000e+00,0.000000000000000000e+00,0.000000000000000000e+00,0.000000000000000000e+00,0.000000000000000000e+00
6.059738864648785194e-05,6.059738864648772996e-05,6.059738864648772996e-05,6.967323331108455850e-04,3.448656831740298627e-03,6.059738864648779773e-05,6.059738864648772996e-05,6.059738864648772996e-05,0.000000000000000000e+00,0.000000000000000000e+00,0.000000000000000000e+00,0.000000000000000000e+00,0.000000000000000000e+00,0.000000000000000000e+00,0.000000000000000000e+00,0.000000000000000000e+00,0.000000000000000000e+00,0.000000000000000000e+00,0.000000000000000000e+00,0.000000000000000000e+00,6.740187008210294338e-04,6.059738864648772996e-05,6.059738864648772996e-05,6.059738864648772996e-05,6.059738864648772996e-05,3.918255165490219230e-04,6.059738864648802134e-05,6.059738864648772996e-05,0.000000000000000000e+00,0.000000000000000000e+00,0.000000000000000000e+00,0.000000000000000000e+00,0.000000000000000000e+00,0.000000000000000000e+00,0.000000000000000000e+00,0.000000000000000000e+00,0.000000000000000000e+00,0.000000000000000000e+00,0.000000000000000000e+00,0.000000000000000000e+00,6.740187008210296506e-04,3.363396199204009350e-04,6.059738864648776384e-05,6.059738864648804845e-05,1.745899995748793725e-03,3.448656831740298627e-03,6.059738864648809588e-05,6.059738864648772996e-05,9.493394858669033931e-03,1.643028042054135718e-03,0.000000000000000000e+00,0.000000000000000000e+00,3.929060130681496393e-04,0.000000000000000000e+00,0.000000000000000000e+00,0.000000000000000000e+00,0.000000000000000000e+00,0.000000000000000000e+00,0.000000000000000000e+00,0.000000000000000000e+00,6.740187008210296506e-04,6.059738864648779773e-05,6.059738864648807555e-05,6.059738864648772996e-05,1.745899995748793291e-03,6.059738864648772996e-05,6.059738864648809588e-05,6.059738864648776384e-05,6.059738864648794003e-05,2.141875639465456397e-03,0.000000000000000000e+00,0.000000000000000000e+00,1.850569034390355840e-03,0.000000000000000000e+00,0.000000000000000000e+00,0.000000000000000000e+00,0.000000000000000000e+00,0.000000000000000000e+00,0.000000000000000000e+00,0.000000000000000000e+00,6.740187008210296506e-04,6.740187008210296506e-04,6.059738864648781805e-05,6.059738864648772996e-05,6.059738864648772996e-05,1.824970190741106156e-04,6.059738864648777740e-05,6.059738864648780450e-05,6.059738864648772996e-05,0.000000000000000000e+00,8.108469366444843264e-20,9.746576474516900179e-20,0.000000000000000000e+00,6.816449875324594180e-21,3.570562104580809802e-21,0.000000000000000000e+00,0.000000000000000000e+00,0.000000000000000000e+00,0.000000000000000000e+00,0.000000000000000000e+00,6.740187008210296506e-04,6.740187008210296506e-04,6.740187008210294338e-04,6.059738864648772996e-05,6.059738864648772996e-05,6.059738864648772996e-05,6.059738864648772996e-05,6.059738864648804845e-05,4.065575007537696253e-03,6.059738864648785194e-05,3.608034796884211740e-19,0.000000000000000000e+00,0.000000000000000000e+00,0.000000000000000000e+00,3.608034796884211740e-19,0.000000000000000000e+00,0.000000000000000000e+00,0.000000000000000000e+00,0.000000000000000000e+00,0.000000000000000000e+00,6.270461204156382081e-04,6.059738864648772996e-05,6.059738864648797391e-05,6.059738864648772996e-05,1.745899995748793291e-03,6.262162060433628958e-04,6.059738864648772996e-05,4.470478019371709917e-03,0.000000000000000000e+00,0.000000000000000000e+00,0.000000000000000000e+00,0.000000000000000000e+00,3.092601254472181491e-19,0.000000000000000000e+00,0.000000000000000000e+00,0.000000000000000000e+00,0.000000000000000000e+00,0.000000000000000000e+00,0.000000000000000000e+00,0.000000000000000000e+00,5.533513587891071431e-04,6.059738864648772996e-05,6.059738864648779773e-05,6.059738864648772996e-05,6.059738864648810943e-05,6.059738864648772996e-05,3.717461894780989783e-03,1.022351984816486856e-02,2.339469875600422993e-02,0.000000000000000000e+00,1.985052035586360118e-19,0.000000000000000000e+00,3.608034796884211740e-19,0.000000000000000000e+00,0.000000000000000000e+00,0.000000000000000000e+00,0.000000000000000000e+00,6.134213121745419207e-04,0.000000000000000000e+00,0.000000000000000000e+00,0.000000000000000000e+00,0.000000000000000000e+00,0.000000000000000000e+00,0.000000000000000000e+00,6.059738864648772996e-05,0.000000000000000000e+00,0.000000000000000000e+00,1.361157929125867902e-02,5.694514300520420874e-02,8.164090991807047837e-02,4.126722648571537477e-02,2.392401689347337963e-19,2.083247398129643854e-20,7.990896560631400523e-21,0.000000000000000000e+00,7.990896560631403532e-21,0.000000000000000000e+00,2.298723919276848132e-03,0.000000000000000000e+00,0.000000000000000000e+00,8.246936678592484939e-19,0.000000000000000000e+00,0.000000000000000000e+00,0.000000000000000000e+00,0.000000000000000000e+00,0.000000000000000000e+00,0.000000000000000000e+00,0.000000000000000000e+00,5.626666572959708457e-02,1.281417435967111274e-01,6.771777366787687380e-02,0.000000000000000000e+00,5.129893836720848376e-19,1.304054589398472798e-20,0.000000000000000000e+00,1.774874963958089423e-20,0.000000000000000000e+00,6.740187008210297591e-04,2.298723919276848132e-03,0.000000000000000000e+00,0.000000000000000000e+00,0.000000000000000000e+00,1.914004948444021586e-18,6.442919280150378859e-21,0.000000000000000000e+00,0.000000000000000000e+00,0.000000000000000000e+00,0.000000000000000000e+00,0.000000000000000000e+00,2.769836714877256523e-02,8.292821480534880163e-02,7.562079590723795597e-02,2.141875639465456397e-03,0.000000000000000000e+00,2.400444463761715640e-19,1.774874963958065349e-20,6.059738864648779773e-05,6.059738864648772996e-05,6.740187008210296506e-04,0.000000000000000000e+00,0.000000000000000000e+00,1.347890808763395199e-19,0.000000000000000000e+00,0.000000000000000000e+00,0.000000000000000000e+00,0.000000000000000000e+00,0.000000000000000000e+00,0.000000000000000000e+00,0.000000000000000000e+00,9.573591919220778601e-19,1.856035520292683523e-03,5.311959485641742917e-02,0.000000000000000000e+00,2.141875639465456397e-03,5.178161217111607907e-03,7.990896560631400523e-21,1.854986251687602166e-04,4.535034017146371524e-04,1.527978247401242003e-02,0.000000000000000000e+00,0.000000000000000000e+00,0.000000000000000000e+00,3.690868791781645932e-20,0.000000000000000000e+00,0.000000000000000000e+00,0.000000000000000000e+00,6.442919280150378859e-21,0.000000000000000000e+00,0.000000000000000000e+00,0.000000000000000000e+00,0.000000000000000000e+00,9.452646143201108250e-20,8.006419949946221373e-03,2.004611734934287973e-02,2.004611734934287973e-02,0.000000000000000000e+00,7.990896560631400523e-21,4.535034017146373150e-04,4.462876984551982645e-04,1.367712947972936355e-02,0.000000000000000000e+00,0.000000000000000000e+00,0.000000000000000000e+00,0.000000000000000000e+00,0.000000000000000000e+00,0.000000000000000000e+00,0.000000000000000000e+00,0.000000000000000000e+00,0.000000000000000000e+00,0.000000000000000000e+00,0.000000000000000000e+00,7.990896560631400523e-21,0.000000000000000000e+00,0.000000000000000000e+00,2.004611734934287973e-02,0.000000000000000000e+00,0.000000000000000000e+00,0.000000000000000000e+00,1.816227746030413129e-03,4.283971136182734493e-03,0.000000000000000000e+00,0.000000000000000000e+00,0.000000000000000000e+00,4.174269478063356680e-03,0.000000000000000000e+00,0.000000000000000000e+00,0.000000000000000000e+00,0.000000000000000000e+00,0.000000000000000000e+00,0.000000000000000000e+00,0.000000000000000000e+00,0.000000000000000000e+00,7.990896560631400523e-21,0.000000000000000000e+00,0.000000000000000000e+00,0.000000000000000000e+00,1.955562215849308362e-20,1.022351984816487203e-02,1.075324720492954259e-03,0.000000000000000000e+00,0.000000000000000000e+00,0.000000000000000000e+00,0.000000000000000000e+00,0.000000000000000000e+00,0.000000000000000000e+00,0.000000000000000000e+00,0.000000000000000000e+00,2.666700274253096942e-03,0.000000000000000000e+00,0.000000000000000000e+00,2.329860924812164121e-18,0.000000000000000000e+00,7.990896560631400523e-21,3.388059443093810897e-03,0.000000000000000000e+00,0.000000000000000000e+00,0.000000000000000000e+00,8.732759491280566236e-03,0.000000000000000000e+00,0.000000000000000000e+00,0.000000000000000000e+00,0.000000000000000000e+00,0.000000000000000000e+00,0.000000000000000000e+00,0.000000000000000000e+00,0.000000000000000000e+00,0.000000000000000000e+00,0.000000000000000000e+00,4.152003751452297656e-20,0.000000000000000000e+00,0.000000000000000000e+00,2.874574624388502282e-19,0.000000000000000000e+00,0.000000000000000000e+00,0.000000000000000000e+00,0.000000000000000000e+00,1.774874963958065349e-20,1.955562215849308362e-20,1.774874963958065349e-20,0.000000000000000000e+00,0.000000000000000000e+00,0.000000000000000000e+00,0.000000000000000000e+00,0.000000000000000000e+00,0.000000000000000000e+00,0.000000000000000000e+00,0.000000000000000000e+00,1.838940336098189923e-03,0.000000000000000000e+00,0.000000000000000000e+00,0.000000000000000000e+00,0.000000000000000000e+00,0.000000000000000000e+00,0.000000000000000000e+00,6.342813956191654598e-03,1.036612413621928715e-03,1.013746846773690277e-03,1.774874963958065349e-20,0.000000000000000000e+00,0.000000000000000000e+00,0.000000000000000000e+00,0.000000000000000000e+00,0.000000000000000000e+00,0.000000000000000000e+00,0.000000000000000000e+00,0.000000000000000000e+00,0.000000000000000000e+00,0.000000000000000000e+00,0.000000000000000000e+00,0.000000000000000000e+00,0.000000000000000000e+00,0.000000000000000000e+00,0.000000000000000000e+00,0.000000000000000000e+00,4.425447782335469515e-04,2.379275876630134942e-02,6.693222375746984282e-03,1.036612413621928932e-03,0.000000000000000000e+00,0.000000000000000000e+00,0.000000000000000000e+00,0.000000000000000000e+00,0.000000000000000000e+00,0.000000000000000000e+00,0.000000000000000000e+00,0.000000000000000000e+00,0.000000000000000000e+00,0.000000000000000000e+00,0.000000000000000000e+00,0.000000000000000000e+00,0.000000000000000000e+00,0.000000000000000000e+00,0.000000000000000000e+00,0.000000000000000000e+00,0.000000000000000000e+00,0.000000000000000000e+00,0.000000000000000000e+00,0.000000000000000000e+00,0.000000000000000000e+00,0.000000000000000000e+00
1.346608636588620257e-04,1.346608636588617547e-04,1.346608636588617547e-04,1.548294073579658398e-03,7.663681848311783111e-03,1.346608636588619173e-04,1.346608636588617547e-04,1.346608636588617547e-04,0.000000000000000000e+00,0.000000000000000000e+00,0.000000000000000000e+00,0.000000000000000000e+00,0.000000000000000000e+00,0.000000000000000000e+00,0.000000000000000000e+00,0.000000000000000000e+00,0.000000000000000000e+00,0.000000000000000000e+00,0.000000000000000000e+00,0.000000000000000000e+00,1.857793063400749005e-04,1.346608636588617547e-04,1.346608636588617547e-04,1.346608636588617547e-04,1.346608636588617547e-04,8.707233701089386185e-04,1.346608636588624052e-04,1.346608636588617547e-04,0.000000000000000000e+00,0.000000000000000000e+00,0.000000000000000000e+00,0.000000000000000000e+00,0.000000000000000000e+00,0.000000000000000000e+00,0.000000000000000000e+00,0.000000000000000000e+00,0.000000000000000000e+00,0.000000000000000000e+00,0.000000000000000000e+00,0.000000000000000000e+00,1.857793063400750089e-04,1.576393829316884740e-04,1.346608636588618360e-04,1.346608636588624865e-04,2.751027475840577517e-04,7.663681848311783111e-03,1.346608636588625678e-04,1.346608636588617547e-04,2.109643301926454259e-02,3.651173426786972261e-03,0.000000000000000000e+00,0.000000000000000000e+00,8.731244734847779399e-04,0.000000000000000000e+00,0.000000000000000000e+00,0.000000000000000000e+00,0.000000000000000000e+00,0.000000000000000000e+00,0.000000000000000000e+00,0.000000000000000000e+00,1.857793063400750089e-04,1.346608636588619173e-04,1.346608636588625407e-04,1.346608636588617547e-04,2.751027475840577517e-04,1.346608636588617547e-04,1.346608636588625678e-04,1.346608636588618360e-04,1.346608636588622425e-04,4.759723643256575168e-03,0.000000000000000000e+00,0.000000000000000000e+00,4.112375631978572484e-03,0.000000000000000000e+00,0.000000000000000000e+00,0.000000000000000000e+00,0.000000000000000000e+00,0.000000000000000000e+00,0.000000000000000000e+00,0.000000000000000000e+00,1.857793063400750089e-04,1.857793063400751173e-04,1.346608636588619715e-04,1.346608636588617547e-04,1.346608636588617547e-04,1.448191661944973430e-04,1.346608636588618631e-04,1.346608636588619444e-04,1.346608636588617547e-04,0.000000000000000000e+00,1.801882081432189211e-19,2.165905883225980305e-19,0.000000000000000000e+00,1.514766638961022500e-20,7.934582454624030309e-21,0.000000000000000000e+00,0.000000000000000000e+00,0.000000000000000000e+00,0.000000000000000000e+00,0.000000000000000000e+00,1.857793063400750089e-04,1.857793063400750089e-04,1.857793063400749005e-04,1.346608636588617547e-04,1.346608636588617547e-04,1.346608636588617547e-04,1.346608636588617547e-04,1.346608636588624865e-04,9.034611127861556096e-03,1.346608636588620257e-04,3.006695664070260308e-20,0.000000000000000000e+00,0.000000000000000000e+00,0.000000000000000000e+00,3.006695664070260308e-20,0.000000000000000000e+00,0.000000000000000000e+00,0.000000000000000000e+00,0.000000000000000000e+00,0.000000000000000000e+00,1.818649246396255052e-04,1.346608636588617547e-04,1.346608636588622968e-04,1.346608636588617547e-04,2.751027475840577517e-04,1.817957651086026709e-04,1.346608636588617547e-04,9.934395598603809260e-03,0.000000000000000000e+00,0.000000000000000000e+00,0.000000000000000000e+00,0.000000000000000000e+00,2.577167712060216243e-20,0.000000000000000000e+00,0.000000000000000000e+00,0.000000000000000000e+00,0.000000000000000000e+00,0.000000000000000000e+00,0.000000000000000000e+00,0.000000000000000000e+00,1.229669686198017319e-03,1.346608636588617547e-04,1.346608636588619173e-04,1.346608636588617547e-04,1.346608636588625949e-04,1.346608636588617547e-04,4.393995725034110372e-04,8.519599873470957985e-04,5.198821945778723391e-02,0.000000000000000000e+00,4.411226745747471101e-19,0.000000000000000000e+00,3.006695664070260308e-20,0.000000000000000000e+00,0.000000000000000000e+00,0.000000000000000000e+00,0.000000000000000000e+00,5.111844268121325426e-05,0.000000000000000000e+00,0.000000000000000000e+00,0.000000000000000000e+00,0.000000000000000000e+00,0.000000000000000000e+00,0.000000000000000000e+00,1.346608636588617547e-04,0.000000000000000000e+00,0.000000000000000000e+00,8.380980972000016613e-03,6.180137156134012794e-02,7.951004960875120153e-02,3.438935540476376063e-03,5.316448198549644947e-19,4.629438662510324356e-20,1.775754791251424311e-20,0.000000000000000000e+00,1.775754791251424913e-20,0.000000000000000000e+00,1.915603266064093597e-04,0.000000000000000000e+00,0.000000000000000000e+00,6.872447232160570228e-20,0.000000000000000000e+00,0.000000000000000000e+00,0.000000000000000000e+00,0.000000000000000000e+00,0.000000000000000000e+00,0.000000000000000000e+00,0.000000000000000000e+00,6.029364428221319072e-02,1.229834730852958635e-01,4.856974683054315900e-02,0.000000000000000000e+00,1.139976408160189812e-18,2.897899087552165051e-20,0.000000000000000000e+00,3.944166586573536198e-20,0.000000000000000000e+00,1.857793063400756594e-04,1.915603266064093597e-04,0.000000000000000000e+00,0.000000000000000000e+00,0.000000000000000000e+00,1.595004123703396260e-19,5.369099400125445490e-22,0.000000000000000000e+00,0.000000000000000000e+00,0.000000000000000000e+00,0.000000000000000000e+00,0.000000000000000000e+00,5.402014364836849741e-02,8.237072713603633967e-02,6.613201847356778296e-02,4.759723643256575168e-03,0.000000000000000000e+00,5.334321030581595983e-19,3.944166586573483235e-20,1.346608636588619173e-04,1.346608636588617547e-04,1.857793063400750089e-04,0.000000000000000000e+00,0.000000000000000000e+00,1.123242340636190752e-20,0.000000000000000000e+00,0.000000000000000000e+00,0.000000000000000000e+00,0.000000000000000000e+00,0.000000000000000000e+00,0.000000000000000000e+00,0.000000000000000000e+00,2.127464870937953411e-18,4.124523378428190425e-03,5.967568437936490722e-02,0.000000000000000000e+00,4.759723643256575168e-03,4.315134347593133080e-04,1.775754791251424311e-20,4.122191670416898521e-04,1.007785337143639152e-03,2.243308593168489434e-03,0.000000000000000000e+00,0.000000000000000000e+00,0.000000000000000000e+00,3.075723993151443833e-21,0.000000000000000000e+00,0.000000000000000000e+00,0.000000000000000000e+00,5.369099400125445490e-22,0.000000000000000000e+00,0.000000000000000000e+00,0.000000000000000000e+00,0.000000000000000000e+00,2.100588031822470961e-19,1.779204433321384532e-02,1.670509779111949145e-03,1.670509779111949145e-03,0.000000000000000000e+00,1.775754791251424311e-20,1.007785337143639586e-03,9.917504410115528073e-04,2.935591065181522574e-02,0.000000000000000000e+00,0.000000000000000000e+00,0.000000000000000000e+00,0.000000000000000000e+00,0.000000000000000000e+00,0.000000000000000000e+00,0.000000000000000000e+00,0.000000000000000000e+00,0.000000000000000000e+00,0.000000000000000000e+00,0.000000000000000000e+00,1.775754791251424311e-20,0.000000000000000000e+00,0.000000000000000000e+00,1.670509779111949145e-03,0.000000000000000000e+00,0.000000000000000000e+00,0.000000000000000000e+00,4.036061657845367232e-03,9.519935858183864452e-03,0.000000000000000000e+00,0.000000000000000000e+00,0.000000000000000000e+00,9.276154395696359356e-03,0.000000000000000000e+00,0.000000000000000000e+00,0.000000000000000000e+00,0.000000000000000000e+00,0.000000000000000000e+00,0.000000000000000000e+00,0.000000000000000000e+00,0.000000000000000000e+00,1.775754791251424311e-20,0.000000000000000000e+00,0.000000000000000000e+00,0.000000000000000000e+00,4.345693812998467842e-20,8.519599873470957985e-04,2.389610489984345110e-03,0.000000000000000000e+00,0.000000000000000000e+00,0.000000000000000000e+00,0.000000000000000000e+00,0.000000000000000000e+00,0.000000000000000000e+00,0.000000000000000000e+00,0.000000000000000000e+00,5.926000609451332994e-03,0.000000000000000000e+00,0.000000000000000000e+00,1.941550770676849657e-19,0.000000000000000000e+00,1.775754791251424311e-20,7.529020984652920814e-03,0.000000000000000000e+00,0.000000000000000000e+00,0.000000000000000000e+00,7.277299576067333686e-04,0.000000000000000000e+00,0.000000000000000000e+00,0.000000000000000000e+00,0.000000000000000000e+00,0.000000000000000000e+00,0.000000000000000000e+00,0.000000000000000000e+00,0.000000000000000000e+00,0.000000000000000000e+00,0.000000000000000000e+00,9.226675003227337486e-20,0.000000000000000000e+00,0.000000000000000000e+00,2.395478853657144217e-20,0.000000000000000000e+00,0.000000000000000000e+00,0.000000000000000000e+00,0.000000000000000000e+00,3.944166586573483235e-20,4.345693812998467842e-20,3.944166586573483235e-20,0.000000000000000000e+00,0.000000000000000000e+00,0.000000000000000000e+00,0.000000000000000000e+00,0.000000000000000000e+00,0.000000000000000000e+00,0.000000000000000000e+00,0.000000000000000000e+00,1.532450280081862522e-04,0.000000000000000000e+00,0.000000000000000000e+00,0.000000000000000000e+00,0.000000000000000000e+00,0.000000000000000000e+00,0.000000000000000000e+00,1.409514212487035859e-02,2.303583141382066317e-03,2.252770770608203410e-03,3.944166586573483235e-20,0.000000000000000000e+00,0.000000000000000000e+00,0.000000000000000000e+00,0.000000000000000000e+00,0.000000000000000000e+00,0.000000000000000000e+00,0.000000000000000000e+00,0.000000000000000000e+00,0.000000000000000000e+00,0.000000000000000000e+00,0.000000000000000000e+00,0.000000000000000000e+00,0.000000000000000000e+00,0.000000000000000000e+00,0.000000000000000000e+00,0.000000000000000000e+00,9.834328405189942616e-04,5.287279725844749867e-02,2.774967304892499848e-03,2.303583141382066751e-03,0.000000000000000000e+00,0.000000000000000000e+00,0.000000000000000000e+00,0.000000000000000000e+00,0.000000000000000000e+00,0.000000000000000000e+00,0.000000000000000000e+00,0.000000000000000000e+00,0.000000000000000000e+00,0.000000000000000000e+00,0.000000000000000000e+00,0.000000000000000000e+00,0.000000000000000000e+00,0.000000000000000000e+00,0.000000000000000000e+00,0.000000000000000000e+00,0.000000000000000000e+00,0.000000000000000000e+00,0.000000000000000000e+00,0.000000000000000000e+00,0.000000000000000000e+00,0.000000000000000000e+00
7.406347501237792782e-05,7.406347501237417377e-05,7.406347501237417377e-05,8.515617404688145473e-04,4.215025016571492290e-03,7.406347501237425508e-05,7.406347501237417377e-05,7.406347501237417377e-05,0.000000000000000000e+00,0.000000000000000000e+00,0.000000000000000000e+00,0.000000000000000000e+00,0.000000000000000000e+00,0.000000000000000000e+00,0.000000000000000000e+00,0.000000000000000000e+00,0.000000000000000000e+00,0.000000000000000000e+00,0.000000000000000000e+00,0.000000000000000000e+00,7.406347501237542060e-05,7.406347501237417377e-05,7.406347501237417377e-05,7.406347501237417377e-05,7.406347501237417377e-05,4.788978535599175629e-04,7.406347501237451258e-05,7.406347501237417377e-05,0.000000000000000000e+00,0.000000000000000000e+00,3.275509370807649229e-02,0.000000000000000000e+00,0.000000000000000000e+00,0.000000000000000000e+00,0.000000000000000000e+00,0.000000000000000000e+00,0.000000000000000000e+00,0.000000000000000000e+00,0.000000000000000000e+00,0.000000000000000000e+00,7.406347501237542060e-05,7.406347501237417377e-05,7.406347501237420087e-05,7.406347501237456679e-05,7.406347501237417377e-05,4.215025016571492290e-03,7.406347501237462100e-05,7.406347501237417377e-05,1.160303816059552948e-02,2.008145384732840447e-03,0.000000000000000000e+00,0.000000000000000000e+00,4.802184604166291680e-04,0.000000000000000000e+00,0.000000000000000000e+00,0.000000000000000000e+00,0.000000000000000000e+00,0.000000000000000000e+00,0.000000000000000000e+00,0.000000000000000000e+00,7.406347501237546126e-05,7.406347501237425508e-05,7.406347501237459390e-05,7.406347501237417377e-05,7.406347501237420087e-05,7.406347501237417377e-05,7.406347501237462100e-05,7.406347501237420087e-05,7.406347501237444482e-05,2.617848003791123975e-03,3.275509370807649229e-02,0.000000000000000000e+00,2.261806597588221415e-03,0.000000000000000000e+00,0.000000000000000000e+00,0.000000000000000000e+00,0.000000000000000000e+00,0.000000000000000000e+00,0.000000000000000000e+00,0.000000000000000000e+00,7.406347501237542060e-05,7.406347501237426864e-05,7.406347501237428219e-05,7.406347501237417377e-05,7.406347501237417377e-05,7.406347501237420087e-05,7.406347501237421443e-05,7.406347501237426864e-05,7.406347501237417377e-05,0.000000000000000000e+00,9.910351447877069308e-20,1.191248235774292574e-19,0.000000000000000000e+00,8.331216514285647375e-21,3.275509370807649229e-02,0.000000000000000000e+00,0.000000000000000000e+00,0.000000000000000000e+00,0.000000000000000000e+00,0.000000000000000000e+00,7.406347501237779229e-05,7.406347501237616599e-05,7.406347501237417377e-05,7.406347501237417377e-05,7.406347501237417377e-05,7.406347501237417377e-05,7.406347501237417377e-05,7.406347501237456679e-05,4.969036120323870251e-03,7.406347501237432285e-05,0.000000000000000000e+00,0.000000000000000000e+00,0.000000000000000000e+00,0.000000000000000000e+00,3.275509370807649229e-02,0.000000000000000000e+00,0.000000000000000000e+00,0.000000000000000000e+00,0.000000000000000000e+00,0.000000000000000000e+00,7.406347501237542060e-05,7.406347501237542060e-05,7.406347501237447192e-05,7.406347501237417377e-05,7.406347501237417377e-05,7.406347501237425508e-05,7.406347501237417377e-05,5.463917579232110619e-03,0.000000000000000000e+00,0.000000000000000000e+00,0.000000000000000000e+00,0.000000000000000000e+00,0.000000000000000000e+00,0.000000000000000000e+00,3.275509370807649229e-02,0.000000000000000000e+00,0.000000000000000000e+00,0.000000000000000000e+00,0.000000000000000000e+00,0.000000000000000000e+00,6.763183274089124529e-04,7.406347501237542060e-05,7.406347501237548836e-05,7.406347501237417377e-05,7.406347501237463455e-05,7.406347501237417377e-05,7.406347501237417377e-05,6.384581276186980108e-20,2.859352070178305602e-02,0.000000000000000000e+00,3.275509370807649229e-02,1.394227118351120710e-02,0.000000000000000000e+00,0.000000000000000000e+00,0.000000000000000000e+00,0.000000000000000000e+00,0.000000000000000000e+00,0.000000000000000000e+00,0.000000000000000000e+00,0.000000000000000000e+00,1.235432886944766701e-18,1.235432886944766701e-18,3.609401963819024021e-18,1.235432886944766701e-18,7.406347501237417377e-05,0.000000000000000000e+00,0.000000000000000000e+00,8.881236646759244069e-03,3.260339598718468151e-02,4.154665168509261847e-02,7.187137852448219479e-20,3.275509370807649229e-02,2.779256373365445940e-02,3.275509370807649229e-02,0.000000000000000000e+00,9.766651351882865158e-21,0.000000000000000000e+00,9.766651351882860644e-21,0.000000000000000000e+00,0.000000000000000000e+00,1.235432886944766701e-18,3.609401963819024021e-18,1.235432886944766701e-18,1.235432886944766701e-18,0.000000000000000000e+00,0.000000000000000000e+00,1.738693851728714129e-02,1.738693851728714129e-02,4.916108450095200977e-02,8.156122106142242589e-02,2.452948515707815622e-02,2.023844055306271605e-19,6.269870244881060336e-19,1.593844498153695412e-20,0.000000000000000000e+00,2.169291622615450687e-20,0.000000000000000000e+00,7.406347501237456679e-05,0.000000000000000000e+00,0.000000000000000000e+00,0.000000000000000000e+00,1.235432886944766701e-18,1.235432886944766701e-18,1.235432886944766701e-18,1.235432886944766701e-18,1.235432886944766701e-18,1.738693851728714129e-02,1.738693851728714129e-02,1.738693851728714129e-02,4.693662216641338036e-02,4.312002432509945415e-02,3.418873456074172923e-02,2.617848003791123975e-03,0.000000000000000000e+00,2.933876566819886120e-19,2.169291622615421497e-20,7.406347501237425508e-05,7.406347501237417377e-05,7.406347501237417377e-05,0.000000000000000000e+00,0.000000000000000000e+00,1.235432886944766701e-18,1.235432886944766701e-18,1.235432886944766701e-18,1.235432886944766701e-18,1.670509779111901613e-02,1.460751414129266533e-02,0.000000000000000000e+00,0.000000000000000000e+00,1.170105679015877477e-18,2.268487858135510588e-03,3.157088655695060309e-02,0.000000000000000000e+00,2.617848003791123975e-03,2.169291622615421497e-20,9.766651351882860644e-21,2.267205418729300421e-04,5.542819354290031385e-04,5.542819354290031385e-04,0.000000000000000000e+00,0.000000000000000000e+00,0.000000000000000000e+00,1.235432886944766701e-18,1.235432886944766701e-18,1.235432886944766701e-18,1.670509779111901613e-02,1.343422179651366632e-03,0.000000000000000000e+00,0.000000000000000000e+00,0.000000000000000000e+00,0.000000000000000000e+00,1.155323417502362423e-19,9.785624383267643028e-03,0.000000000000000000e+00,0.000000000000000000e+00,0.000000000000000000e+00,9.766651351882860644e-21,5.542819354290033553e-04,5.454627425563556269e-04,1.612351420676448599e-02,0.000000000000000000e+00,0.000000000000000000e+00,0.000000000000000000e+00,1.235432886944766701e-18,1.235432886944766701e-18,1.235432886944766701e-18,3.609401963819024021e-18,1.235432886944766701e-18,3.760013134179725013e-19,0.000000000000000000e+00,0.000000000000000000e+00,9.766651351882860644e-21,0.000000000000000000e+00,0.000000000000000000e+00,2.169291622615421497e-20,0.000000000000000000e+00,0.000000000000000000e+00,0.000000000000000000e+00,2.219833911814957789e-03,5.235964722001139500e-03,0.000000000000000000e+00,0.000000000000000000e+00,0.000000000000000000e+00,5.101884917633012217e-03,1.235432886944766701e-18,1.235432886944766701e-18,3.609401963819024021e-18,3.609401963819024021e-18,5.228477208064041306e-18,1.235432886944766701e-18,0.000000000000000000e+00,0.000000000000000000e+00,9.766651351882860644e-21,0.000000000000000000e+00,0.000000000000000000e+00,0.000000000000000000e+00,2.390131597149163994e-20,0.000000000000000000e+00,1.314285769491393453e-03,0.000000000000000000e+00,0.000000000000000000e+00,0.000000000000000000e+00,0.000000000000000000e+00,0.000000000000000000e+00,1.235432886944766701e-18,1.235432886944766701e-18,1.235432886944766701e-18,3.259300335198242991e-03,1.235432886944766701e-18,1.990326719574006737e-18,1.281981300216811675e-18,0.000000000000000000e+00,9.766651351882860644e-21,4.140961541559118157e-03,0.000000000000000000e+00,0.000000000000000000e+00,0.000000000000000000e+00,2.547113583465549052e-20,0.000000000000000000e+00,0.000000000000000000e+00,0.000000000000000000e+00,0.000000000000000000e+00,0.000000000000000000e+00,0.000000000000000000e+00,0.000000000000000000e+00,0.000000000000000000e+00,1.235432886944766701e-18,1.235432886944766701e-18,3.660148676336773379e-18,1.235432886944766701e-18,1.235432886944766701e-18,1.281981300216811675e-18,0.000000000000000000e+00,0.000000000000000000e+00,0.000000000000000000e+00,0.000000000000000000e+00,2.169291622615421497e-20,2.390131597149163994e-20,2.169291622615421497e-20,0.000000000000000000e+00,0.000000000000000000e+00,0.000000000000000000e+00,0.000000000000000000e+00,0.000000000000000000e+00,0.000000000000000000e+00,0.000000000000000000e+00,0.000000000000000000e+00,0.000000000000000000e+00,1.281981300216811675e-18,1.235432886944766701e-18,1.235432886944766701e-18,1.235432886944766701e-18,1.235432886944766701e-18,0.000000000000000000e+00,7.752328168678718733e-03,1.266970727760139987e-03,1.239023923834515085e-03,2.169291622615421497e-20,0.000000000000000000e+00,0.000000000000000000e+00,0.000000000000000000e+00,0.000000000000000000e+00,0.000000000000000000e+00,0.000000000000000000e+00,0.000000000000000000e+00,0.000000000000000000e+00,0.000000000000000000e+00,0.000000000000000000e+00,0.000000000000000000e+00,1.235432886944766701e-18,2.422417425381895265e-18,1.235432886944766701e-18,1.235432886944766701e-18,1.235432886944766701e-18,2.946213801693490716e-02,2.908003849214620476e-02,1.266970727760140204e-03,1.266970727760140204e-03,0.000000000000000000e+00,1.235432886944766701e-18,0.000000000000000000e+00,0.000000000000000000e+00,0.000000000000000000e+00,0.000000000000000000e+00,0.000000000000000000e+00,0.000000000000000000e+00,0.000000000000000000e+00,0.000000000000000000e+00,0.000000000000000000e+00,0.000000000000000000e+00,0.000000000000000000e+00,0.000000000000000000e+00,0.000000000000000000e+00,0.000000000000000000e+00,0.000000000000000000e+00,0.000000000000000000e+00,0.000000000000000000e+00,0.000000000000000000e+00,0.000000000000000000e+00,0.000000000000000000e+00
7.579744124019961307e-18,0.000000000000000000e+00,0.000000000000000000e+00,0.000000000000000000e+00,0.000000000000000000e+00,0.000000000000000000e+00,0.000000000000000000e+00,0.000000000000000000e+00,0.000000000000000000e+00,0.000000000000000000e+00,0.000000000000000000e+00,0.000000000000000000e+00,0.000000000000000000e+00,0.000000000000000000e+00,0.000000000000000000e+00,0.000000000000000000e+00,0.000000000000000000e+00,0.000000000000000000e+00,0.000000000000000000e+00,0.000000000000000000e+00,2.594409062584014212e-18,0.000000000000000000e+00,0.000000000000000000e+00,0.000000000000000000e+00,0.000000000000000000e+00,0.000000000000000000e+00,0.000000000000000000e+00,0.000000000000000000e+00,0.000000000000000000e+00,0.000000000000000000e+00,6.878569678696072609e-02,0.000000000000000000e+00,0.000000000000000000e+00,0.000000000000000000e+00,0.000000000000000000e+00,0.000000000000000000e+00,0.000000000000000000e+00,0.000000000000000000e+00,0.000000000000000000e+00,0.000000000000000000e+00,2.594409062584014212e-18,0.000000000000000000e+00,0.000000000000000000e+00,0.000000000000000000e+00,0.000000000000000000e+00,0.000000000000000000e+00,0.000000000000000000e+00,0.000000000000000000e+00,0.000000000000000000e+00,0.000000000000000000e+00,0.000000000000000000e+00,0.000000000000000000e+00,0.000000000000000000e+00,0.000000000000000000e+00,0.000000000000000000e+00,0.000000000000000000e+00,0.000000000000000000e+00,0.000000000000000000e+00,0.000000000000000000e+00,0.000000000000000000e+00,2.692160730455308274e-18,0.000000000000000000e+00,0.000000000000000000e+00,0.000000000000000000e+00,0.000000000000000000e+00,0.000000000000000000e+00,0.000000000000000000e+00,0.000000000000000000e+00,0.000000000000000000e+00,0.000000000000000000e+00,6.878569678696072609e-02,0.000000000000000000e+00,0.000000000000000000e+00,0.000000000000000000e+00,0.000000000000000000e+00,0.000000000000000000e+00,0.000000000000000000e+00,0.000000000000000000e+00,0.000000000000000000e+00,0.000000000000000000e+00,2.594409062584014212e-18,0.000000000000000000e+00,0.000000000000000000e+00,0.000000000000000000e+00,0.000000000000000000e+00,0.000000000000000000e+00,0.000000000000000000e+00,0.000000000000000000e+00,0.000000000000000000e+00,0.000000000000000000e+00,0.000000000000000000e+00,0.000000000000000000e+00,0.000000000000000000e+00,0.000000000000000000e+00,6.878569678696073997e-02,0.000000000000000000e+00,0.000000000000000000e+00,0.000000000000000000e+00,0.000000000000000000e+00,0.000000000000000000e+00,7.579744124019961307e-18,4.179686111105420234e-18,0.000000000000000000e+00,0.000000000000000000e+00,0.000000000000000000e+00,0.000000000000000000e+00,0.000000000000000000e+00,0.000000000000000000e+00,0.000000000000000000e+00,0.000000000000000000e+00,0.000000000000000000e+00,0.000000000000000000e+00,0.000000000000000000e+00,0.000000000000000000e+00,6.878569678696073997e-02,0.000000000000000000e+00,0.000000000000000000e+00,0.000000000000000000e+00,0.000000000000000000e+00,0.000000000000000000e+00,2.594409062584014212e-18,2.594409062584014212e-18,0.000000000000000000e+00,0.000000000000000000e+00,0.000000000000000000e+00,0.000000000000000000e+00,0.000000000000000000e+00,0.000000000000000000e+00,0.000000000000000000e+00,0.000000000000000000e+00,0.000000000000000000e+00,0.000000000000000000e+00,0.000000000000000000e+00,0.000000000000000000e+00,6.878569678696072609e-02,0.000000000000000000e+00,0.000000000000000000e+00,0.000000000000000000e+00,0.000000000000000000e+00,0.000000000000000000e+00,2.594409062584014212e-18,2.594409062584014212e-18,2.594409062584014212e-18,0.000000000000000000e+00,0.000000000000000000e+00,0.000000000000000000e+00,0.000000000000000000e+00,0.000000000000000000e+00,0.000000000000000000e+00,0.000000000000000000e+00,6.878569678696073997e-02,2.927876948537357776e-02,0.000000000000000000e+00,0.000000000000000000e+00,0.000000000000000000e+00,0.000000000000000000e+00,0.000000000000000000e+00,0.000000000000000000e+00,0.000000000000000000e+00,0.000000000000000000e+00,2.594409062584014212e-18,2.594409062584014212e-18,7.579744124019961307e-18,2.594409062584014212e-18,0.000000000000000000e+00,0.000000000000000000e+00,0.000000000000000000e+00,9.954577720920280981e-03,0.000000000000000000e+00,0.000000000000000000e+00,0.000000000000000000e+00,6.878569678696072609e-02,5.836438384067445251e-02,6.878569678696072609e-02,0.000000000000000000e+00,0.000000000000000000e+00,0.000000000000000000e+00,0.000000000000000000e+00,0.000000000000000000e+00,0.000000000000000000e+00,2.594409062584014212e-18,7.579744124019961307e-18,2.594409062584014212e-18,2.594409062584014212e-18,0.000000000000000000e+00,0.000000000000000000e+00,3.651257088630304598e-02,3.651257088630304598e-02,3.651257088630304598e-02,3.651257088630304598e-02,0.000000000000000000e+00,4.250072516143176823e-19,0.000000000000000000e+00,0.000000000000000000e+00,0.000000000000000000e+00,0.000000000000000000e+00,0.000000000000000000e+00,0.000000000000000000e+00,0.000000000000000000e+00,0.000000000000000000e+00,0.000000000000000000e+00,2.594409062584014212e-18,2.594409062584014212e-18,2.594409062584014212e-18,2.594409062584014212e-18,2.594409062584014212e-18,3.651257088630304598e-02,3.651257088630304598e-02,3.651257088630304598e-02,3.651257088630304598e-02,8.761371150613961419e-19,4.468299286813125061e-19,0.000000000000000000e+00,0.000000000000000000e+00,0.000000000000000000e+00,0.000000000000000000e+00,0.000000000000000000e+00,0.000000000000000000e+00,0.000000000000000000e+00,0.000000000000000000e+00,0.000000000000000000e+00,2.594409062584014212e-18,2.594409062584014212e-18,2.594409062584014212e-18,2.594409062584014212e-18,3.508070536134998141e-02,3.067577969671464455e-02,0.000000000000000000e+00,0.000000000000000000e+00,0.000000000000000000e+00,0.000000000000000000e+00,0.000000000000000000e+00,0.000000000000000000e+00,0.000000000000000000e+00,0.000000000000000000e+00,0.000000000000000000e+00,0.000000000000000000e+00,0.000000000000000000e+00,0.000000000000000000e+00,0.000000000000000000e+00,0.000000000000000000e+00,0.000000000000000000e+00,2.594409062584014212e-18,2.594409062584014212e-18,2.594409062584014212e-18,3.508070536134998141e-02,2.821186577267874394e-03,0.000000000000000000e+00,0.000000000000000000e+00,0.000000000000000000e+00,0.000000000000000000e+00,0.000000000000000000e+00,0.000000000000000000e+00,0.000000000000000000e+00,0.000000000000000000e+00,0.000000000000000000e+00,0.000000000000000000e+00,0.000000000000000000e+00,0.000000000000000000e+00,0.000000000000000000e+00,0.000000000000000000e+00,0.000000000000000000e+00,0.000000000000000000e+00,2.594409062584014212e-18,2.594409062584014212e-18,2.594409062584014212e-18,7.579744124019961307e-18,2.594409062584014212e-18,7.896027581777433553e-19,0.000000000000000000e+00,0.000000000000000000e+00,0.000000000000000000e+00,0.000000000000000000e+00,0.000000000000000000e+00,0.000000000000000000e+00,0.000000000000000000e+00,0.000000000000000000e+00,0.000000000000000000e+00,0.000000000000000000e+00,0.000000000000000000e+00,0.000000000000000000e+00,0.000000000000000000e+00,0.000000000000000000e+00,2.594409062584014212e-18,2.594409062584014212e-18,2.594409062584014212e-18,7.579744124019961307e-18,7.579744124019961307e-18,1.097980213693450315e-17,2.594409062584014212e-18,0.000000000000000000e+00,0.000000000000000000e+00,0.000000000000000000e+00,0.000000000000000000e+00,0.000000000000000000e+00,0.000000000000000000e+00,0.000000000000000000e+00,0.000000000000000000e+00,0.000000000000000000e+00,0.000000000000000000e+00,0.000000000000000000e+00,0.000000000000000000e+00,0.000000000000000000e+00,0.000000000000000000e+00,2.594409062584014212e-18,2.594409062584014212e-18,2.594409062584014212e-18,2.594409062584014212e-18,2.594409062584014212e-18,4.179686111105420234e-18,2.692160730455308274e-18,0.000000000000000000e+00,0.000000000000000000e+00,0.000000000000000000e+00,0.000000000000000000e+00,0.000000000000000000e+00,0.000000000000000000e+00,0.000000000000000000e+00,0.000000000000000000e+00,0.000000000000000000e+00,0.000000000000000000e+00,0.000000000000000000e+00,0.000000000000000000e+00,0.000000000000000000e+00,0.000000000000000000e+00,0.000000000000000000e+00,2.594409062584014212e-18,2.594409062584014212e-18,7.579744124019961307e-18,2.594409062584014212e-18,2.594409062584014212e-18,2.692160730455308274e-18,0.000000000000000000e+00,0.000000000000000000e+00,0.000000000000000000e+00,0.000000000000000000e+00,0.000000000000000000e+00,0.000000000000000000e+00,0.000000000000000000e+00,0.000000000000000000e+00,0.000000000000000000e+00,0.000000000000000000e+00,0.000000000000000000e+00,0.000000000000000000e+00,0.000000000000000000e+00,0.000000000000000000e+00,0.000000000000000000e+00,0.000000000000000000e+00,2.692160730455308274e-18,2.594409062584014212e-18,2.594409062584014212e-18,2.594409062584014212e-18,2.594409062584014212e-18,0.000000000000000000e+00,0.000000000000000000e+00,0.000000000000000000e+00,0.000000000000000000e+00,0.000000000000000000e+00,0.000000000000000000e+00,0.000000000000000000e+00,0.000000000000000000e+00,0.000000000000000000e+00,0.000000000000000000e+00,0.000000000000000000e+00,0.000000000000000000e+00,0.000000000000000000e+00,0.000000000000000000e+00,0.000000000000000000e+00,0.000000000000000000e+00,2.594409062584014212e-18,5.087076593301987760e-18,2.594409062584014212e-18,2.594409062584014212e-18,2.594409062584014212e-18,6.073462490476395914e-02,0.000000000000000000e+00,0.000000000000000000e+00,0.000000000000000000e+00,0.000000000000000000e+00,2.594409062584014212e-18,0.000000000000000000e+00,0.000000000000000000e+00,0.000000000000000000e+00,0.000000000000000000e+00,0.000000000000000000e+00,0.000000000000000000e+00,0.000000000000000000e+00,0.000000000000000000e+00,0.000000000000000000e+00,0.000000000000000000e+00,0.000000000000000000e+00,0.000000000000000000e+00,0.000000000000000000e+00,0.000000000000000000e+00,0.000000000000000000e+00,0.000000000000000000e+00,0.000000000000000000e+00,0.000000000000000000e+00,0.000000000000000000e+00,0.000000000000000000e+00
